1293,1746,1746,1689,0,1,1,-0.1875,0.350348,1.35035,0
481,933,877,877,0,1,1,-0.1875,0.939709,1.93971,0
575,1027,971,971,0,1,1,-0.1875,0.786087,1.78609,0
492,944,888,888,0,1,1,-0.1875,0.918699,1.9187,0
924,1376,1320,1320,0,1,1,-0.1875,0.489177,1.48918,0
1106,1394,1502,1502,0,1,1,-0.1875,0.260398,1.2604,0
1072,1524,1468,1468,0,1,1,-0.1875,0.421642,1.42164,0
4146,4372,4372,4372,0,1,1,-0.1875,0.0545104,1.05451,1
1017,1469,1413,1413,0,1,1,-0.1875,0.444444,1.44444,0
2471,2905,2867,2867,0,1,1,-0.1875,0.175637,1.17564,0
4454,2766,2849,3940,0,0,0,-0.1875,0.378985,0.621015,0
1860,2151,2426,2256,0,1,1,-0.1875,0.156452,1.15645,0
2355,2829,2808,2808,0,1,1,-0.1875,0.201274,1.20127,0
6344,6695,6824,6479,2,1,1,-0.1875,0.0553279,1.05533,1
3547,3794,3773,3773,0,1,1,-0.1875,0.0696363,1.06964,1
8474,3802,3880,4019,2,1,1,-0.1875,0.551333,0.448667,1
709,1218,1162,1162,0,1,1,0.375,0.717913,1.71791,0
1008,1517,1461,1461,0,1,1,0.375,0.50496,1.50496,0
4424,3999,4087,4927,6,1,1,0.375,0.0960669,0.903933,1
2631,2946,2914,3028,2,1,1,0.375,0.119726,1.11973,1
722,1231,1288,1231,0,1,1,0.375,0.704986,1.70499,0
886,1473,1395,1395,0,1,1,0.375,0.662528,1.66253,0
1034,1260,1656,1373,1,1,1,0.375,0.218569,1.21857,1
920,1429,1486,1486,0,1,1,0.375,0.553261,1.55326,0
1716,2027,1999,1999,0,0,0,0.375,0.181235,1.18124,0
4593,3792,4245,4081,0,0,0,0.375,0.174396,0.825604,1
6468,5200,5259,5191,1,1,0,0.375,0.196042,0.803958,1
1526,2092,2092,2092,0,1,1,0.375,0.370904,1.3709,0
1960,2002,2144,1766,5,0,0,0.375,0.0214286,1.02143,1
788,1315,1354,1297,0,1,1,0.375,0.668782,1.66878,0
577,1143,1143,1086,0,1,1,0.3125,0.980936,1.98094,0
988,1521,1804,1748,0,1,1,0.3125,0.539474,1.53947,0
635,1133,1400,1104,0,1,1,0.3125,0.784252,1.78425,1
840,1405,1582,1612,0,1,1,0.3125,0.672619,1.67262,1
891,1457,1457,1400,0,1,1,0.3125,0.635241,1.63524,0
2184,2750,2750,2693,0,1,1,0.3125,0.259158,1.25916,0
910,1476,1476,1476,0,1,1,0.3125,0.621978,1.62198,0
2144,2709,2709,2653,0,1,1,0.3125,0.263526,1.26353,0
1068,1634,1634,1634,0,1,1,0.3125,0.529963,1.52996,0
778,1344,1400,1344,0,1,1,0.3125,0.727506,1.72751,0
285,850,850,794,0,1,1,0.3125,1.98246,2.98246,0
624,1190,1190,1190,0,1,1,0.3125,0.907051,1.90705,0
846,1412,1468,1412,0,1,1,0.3125,0.669031,1.66903,0
1447,2012,2012,1956,0,1,1,0.3125,0.390463,1.39046,0
781,1347,1347,1347,0,1,1,0.3125,0.724712,1.72471,0
2296,2617,2862,2862,0,1,1,0.3125,0.139808,1.13981,0
1689,2198,2198,2198,0,1,1,-0.458333,0.301362,1.30136,0
2219,2785,2785,2728,0,1,1,-0.458333,0.25507,1.25507,0
585,1151,1151,1094,0,1,1,-0.458333,0.967521,1.96752,0
724,1290,1290,1290,0,1,1,-0.458333,0.781768,1.78177,0
1807,2373,2373,2316,0,1,1,-0.458333,0.313226,1.31323,0
1516,1995,2082,2025,0,1,1,-0.458333,0.315963,1.31596,0
361,927,927,927,0,1,1,-0.458333,1.56787,2.56787,0
908,1167,1473,1417,0,1,1,-0.458333,0.285242,1.28524,0
275,841,841,784,0,1,1,-0.458333,2.05818,3.05818,0
818,1384,1384,1384,0,1,1,-0.458333,0.691932,1.69193,0
770,1335,1335,1279,0,1,1,-0.458333,0.733766,1.73377,0
1090,1656,1656,1599,0,1,1,-0.458333,0.519266,1.51927,0
431,997,997,997,0,1,1,-0.458333,1.31323,2.31323,0
372,937,937,881,0,1,1,-0.458333,1.51882,2.51882,0
1244,1810,1810,1753,0,1,1,-0.458333,0.454984,1.45498,0
652,1218,1218,1161,0,1,1,-0.458333,0.868098,1.8681,0
1210,1776,1776,1719,0,1,1,-0.125,0.467769,1.46777,0
1834,2400,2400,2343,0,1,1,-0.125,0.308615,1.30862,0
1425,1990,1990,1934,0,1,1,-0.125,0.396491,1.39649,0
377,943,943,886,0,1,1,-0.125,1.50133,2.50133,0
1391,1957,1957,1900,0,1,1,-0.125,0.406902,1.4069,0
1172,1738,1738,1681,0,1,0,-0.125,0.482935,1.48294,0
560,1126,1126,1069,0,1,1,-0.125,1.01071,2.01071,0
1082,1648,1648,1591,0,1,1,-0.125,0.523105,1.52311,0
12867,5823,6514,9676,1,1,1,-0.125,0.547447,0.452553,1
11234,5005,4961,5634,0,1,0,-0.125,0.554477,0.445523,1
5816,5872,6134,5937,2,1,1,-0.125,0.00962861,1.00963,1
11567,11991,11954,10574,7,1,1,-0.125,0.036656,1.03666,1
1310,1819,2200,2144,1,1,1,-0.125,0.38855,1.38855,1
1161,1458,1800,1499,0,1,1,-0.125,0.255814,1.25581,0
1089,1598,1541,1541,0,1,1,-0.125,0.467401,1.4674,0
1380,1889,1889,1833,0,1,1,0.166667,0.368841,1.36884,0
1244,1753,1753,1697,0,1,1,0.166667,0.409164,1.40916,0
779,1395,1288,1232,0,1,1,0.166667,0.790757,1.79076,0
1007,1516,1516,1459,0,1,1,0.166667,0.505462,1.50546,0
2557,3173,3066,3010,0,1,1,0.166667,0.240907,1.24091,0
955,1464,1464,1408,0,1,1,0.166667,0.532984,1.53298,0
2150,2716,2659,2603,0,1,1,0.166667,0.263256,1.26326,0
2246,2753,2755,2698,0,1,1,0.166667,0.225735,1.22573,0
642,1127,1151,1094,0,1,1,0.166667,0.755452,1.75545,0
400,966,909,853,0,1,1,0.166667,1.415,2.415,0
868,1377,1377,1320,0,1,1,0.166667,0.586406,1.58641,0
856,1422,1365,1309,0,1,1,0.166667,0.661215,1.66121,0
1461,1970,1913,1857,0,1,1,0.166667,0.348392,1.34839,0
2326,2503,2778,2778,0,1,1,0.166667,0.0760963,1.0761,0
1121,1687,1630,1574,0,1,1,0.166667,0.504906,1.50491,0
1546,2055,2055,1998,0,1,1,0.166667,0.329237,1.32924,0
728,1294,1237,1237,0,1,1,-0.916667,0.777473,1.77747,0
1316,1882,1825,1769,0,1,1,-0.916667,0.430091,1.43009,0
1205,1771,1714,1714,0,1,1,-0.916667,0.46971,1.46971,0
750,1282,1259,1202,0,1,1,-0.916667,0.709333,1.70933,0
819,1328,1271,1271,0,1,1,-0.916667,0.62149,1.62149,0
4634,4917,4917,4861,0,1,1,-0.916667,0.0610703,1.06107,1
546,1055,998,942,0,1,1,-0.916667,0.932234,1.93223,0
3053,3740,3740,3785,2,0,0,0.421875,0.225025,1.22502,0
1106,1389,1672,1502,1,1,1,0.421875,0.255877,1.25588,1
2019,2471,2528,2641,0,0,0,0.421875,0.223873,1.22387,0
4776,5100,5406,5314,0,1,0,0.421875,0.0678392,1.06784,0
5485,2586,2926,3115,2,1,1,0.421875,0.528532,0.471468,1
5247,4903,5601,5763,2,0,0,0.421875,0.0655613,0.934439,1
2550,2720,3003,2833,7,0,0,0.421875,0.0666667,1.06667,0
10599,5152,5597,5636,6,1,0,0.421875,0.513916,0.486084,0
2385,2760,3046,2986,0,1,1,0.421875,0.157233,1.15723,0
4856,4806,5270,4799,0,0,0,0.421875,0.0102965,0.989703,0
1750,2259,2598,2409,0,1,1,0.421875,0.290857,1.29086,0
3623,3488,3779,3849,2,0,0,0.421875,0.0372619,0.962738,1
4099,3774,3641,4077,0,0,0,0.421875,0.0792876,0.920712,0
5281,5540,5298,5445,7,0,0,-0.0416667,0.0490437,1.04904,0
6126,4449,5245,5167,5,0,0,-0.0416667,0.273751,0.726249,1
9704,9796,10879,10600,7,0,0,-0.0416667,0.00948063,1.00948,0
4021,3658,4280,4359,2,0,0,-0.0416667,0.0902761,0.909724,0
919,1484,1597,1484,0,1,1,-0.0416667,0.614799,1.6148,0
957,1236,1579,1481,0,1,1,-0.0416667,0.291536,1.29154,0
6777,6749,7409,7261,1,1,1,-0.0416667,0.00413162,0.995868,1
6850,9183,8169,7734,7,0,0,-0.0416667,0.340584,1.34058,0
4410,2051,2433,2488,0,0,0,-0.0416667,0.534921,0.465079,0
1175,1612,1853,1805,0,1,1,-0.0416667,0.371915,1.37191,0
2265,2279,2831,2666,6,0,0,-0.0416667,0.00618102,1.00618,1
849,1414,1728,1471,0,1,1,-0.0416667,0.665489,1.66549,0
609,1174,1287,1174,0,1,1,-1.25,0.92775,1.92775,0
719,1284,1397,1284,0,1,1,-1.25,0.785814,1.78581,0
1429,2051,2164,2051,0,1,1,-1.25,0.435269,1.43527,0
1052,1674,1787,1674,0,1,1,-1.25,0.591255,1.59125,0
699,1247,1377,1264,0,1,1,-1.25,0.783977,1.78398,0
1382,2004,2117,2004,0,1,1,-1.25,0.450072,1.45007,0
1177,1799,1912,1799,0,1,1,-1.25,0.528462,1.52846,0
1288,1910,2023,1910,0,1,1,-1.25,0.482919,1.48292,0
1989,2611,2724,2611,0,1,1,-1.25,0.31272,1.31272,0
840,1462,1575,1462,0,1,1,-1.25,0.740476,1.74048,0
688,1310,1423,1310,0,1,1,-1.25,0.90407,1.90407,0
522,1087,1200,1144,0,1,1,-1.25,1.08238,2.08238,0
1351,1826,2086,1973,0,1,1,-1.25,0.351591,1.35159,0
1147,1769,1882,1769,0,1,1,-1.25,0.542284,1.54228,0
730,1295,1408,1352,0,1,1,-1.25,0.773973,1.77397,0
966,1588,1701,1588,0,1,1,-1.25,0.643892,1.64389,0
717,1282,1395,1282,0,1,1,-1.125,0.788006,1.78801,0
706,1328,1441,1328,0,1,1,-1.125,0.88102,1.88102,0
785,1407,1520,1407,0,1,1,-1.125,0.792357,1.79236,0
968,1632,1703,1590,0,1,1,-1.125,0.68595,1.68595,0
747,1369,1482,1369,0,1,1,-1.125,0.832664,1.83266,0
794,1416,1529,1416,0,1,1,-1.125,0.783375,1.78338,0
809,1431,1544,1431,0,1,1,-1.125,0.76885,1.76885,0
317,826,995,939,0,1,1,-1.125,1.60568,2.60568,0
444,1010,1179,1066,0,1,1,-1.125,1.27477,2.27477,0
360,925,1095,982,0,0,0,-1.125,1.56944,2.56944,0
564,1066,1365,1326,0,1,1,-1.125,0.890071,1.89007,0
1053,1505,1909,1434,7,1,1,-1.125,0.42925,1.42925,1
721,1286,1456,1343,0,1,1,-1.125,0.783634,1.78363,0
1161,1557,1727,1614,0,0,0,-1.125,0.341085,1.34109,1
10167,8293,9575,10213,2,1,1,-0.395833,0.184322,0.815678,1
5749,6033,6203,5458,7,1,0,-0.395833,0.0493999,1.0494,1
10424,11187,11033,10182,6,1,1,-0.395833,0.0731965,1.0732,1
7927,7658,8295,6785,7,1,1,-0.395833,0.0339347,0.966065,1
2668,2100,2723,2393,5,0,0,-0.395833,0.212894,0.787106,0
477,1042,1155,1099,0,1,1,-0.395833,1.18449,2.18449,0
851,1191,1353,1247,2,0,0,-0.395833,0.39953,1.39953,0
13381,13371,12269,13028,1,0,0,-0.395833,0.000747328,0.999253,1
7880,7863,7535,5865,1,0,0,-0.395833,0.00215736,0.997843,1
8536,9636,8835,8706,4,0,0,-0.395833,0.128866,1.12887,1
1172,1737,2020,1794,2,1,0,-0.395833,0.482082,1.48208,0
15499,9210,8027,8770,4,0,0,-0.395833,0.405768,0.594232,0
647,1298,1524,1468,2,1,0,-0.395833,1.00618,2.00618,0
572,1307,1194,1081,0,1,1,-1.03125,1.28497,2.28497,0
788,1466,1353,1297,0,1,1,-1.03125,0.860406,1.86041,0
1259,1937,1824,1768,0,1,1,-1.03125,0.538523,1.53852,0
451,1130,1073,960,0,1,1,-1.03125,1.50554,2.50554,0
931,1609,1496,1440,0,1,1,-1.03125,0.728249,1.72825,0
1302,2037,1924,1868,0,1,1,-1.03125,0.564516,1.56452,0
1541,2219,2163,2050,0,1,1,-1.03125,0.439974,1.43997,0
1398,2133,2020,1964,0,1,1,-1.03125,0.525751,1.52575,0
663,1341,1228,1172,0,1,1,-1.03125,1.02262,2.02262,0
453,1132,1075,962,0,1,1,-1.03125,1.4989,2.4989,0
530,1265,1152,1096,0,1,1,-1.03125,1.38679,2.38679,0
387,1122,1009,896,0,1,1,-1.03125,1.89922,2.89922,0
1075,1754,1697,1584,0,1,1,-1.03125,0.631628,1.63163,0
1518,2253,2140,2084,0,1,1,-1.03125,0.48419,1.48419,0
1284,1962,1906,1793,0,1,1,-1.03125,0.528037,1.52804,0
1897,2632,2519,2463,0,1,1,-1.03125,0.387454,1.38745,0
1056,1528,1621,1565,0,1,1,-1.0375,0.44697,1.44697,0
1386,1633,2065,1467,0,0,0,-1.0375,0.178211,1.17821,0
480,1102,1045,989,0,1,1,-1.0375,1.29583,2.29583,0
4262,4545,3692,4287,2,0,0,-1.0375,0.0664008,1.0664,0
504,1126,1069,1013,0,1,1,-1.0375,1.23413,2.23413,0
3731,3959,3223,3192,1,1,1,-1.0375,0.0611096,1.06111,1
2467,3508,3451,3338,0,1,1,0.59375,0.42197,1.42197,0
2000,2057,2057,2030,2,0,0,0.59375,0.0285,1.0285,0
2202,2950,2767,2769,1,1,1,0.59375,0.339691,1.33969,1
2196,2705,2592,2479,0,1,1,0.59375,0.231785,1.23179,0
1358,1350,1472,1358,1,0,0,0.59375,0.00589102,0.994109,0
1211,1291,1607,1596,6,1,0,0.59375,0.0660611,1.06606,1
3598,4277,4220,4107,0,1,1,0.59375,0.188716,1.18872,0
3671,4079,4387,4025,0,1,1,0.59375,0.111141,1.11114,0
1135,1719,1757,1644,0,1,1,0.59375,0.514537,1.51454,0
1594,2216,2159,2103,0,1,1,0.59375,0.390213,1.39021,0
1141,1311,1311,1198,6,0,0,0.59375,0.148992,1.14899,0
3996,4555,5083,5009,0,1,0,0.0208333,0.13989,1.13989,1
1741,2024,2024,1967,0,1,1,0.0208333,0.16255,1.16255,0
1950,2186,2459,2346,6,1,1,0.0208333,0.121026,1.12103,1
10721,9730,10081,9939,6,0,0,0.0208333,0.0924354,0.907565,1
4413,2176,6916,2516,0,1,0,0.0208333,0.506911,0.493089,0
968,1330,1364,1024,0,1,0,0.0208333,0.373967,1.37397,0
654,1333,1333,1220,0,1,1,-0.375,1.03823,2.03823,0
1427,2162,2106,1993,0,1,1,-0.375,0.515067,1.51507,0
843,1521,1465,1408,0,1,1,-0.375,0.80427,1.80427,0
1097,1832,1776,1663,0,1,1,-0.375,0.670009,1.67001,0
569,1304,1248,1135,0,1,1,-0.375,1.29174,2.29174,0
1087,1765,1709,1652,0,1,1,-0.375,0.623735,1.62374,0
711,1446,1390,1277,0,1,1,-0.375,1.03376,2.03376,0
883,1618,1562,1449,0,1,1,-0.375,0.83239,1.83239,0
573,1251,1251,1164,0,1,1,-0.375,1.18325,2.18325,0
543,1274,1222,1109,0,1,1,-0.375,1.34622,2.34622,0
348,1026,1026,913,0,1,1,-0.375,1.94828,2.94828,0
427,1105,1105,992,0,1,1,-0.375,1.58782,2.58782,0
453,1188,1132,1019,0,1,1,-0.375,1.62252,2.62252,0
1390,2068,2068,1955,0,1,1,-0.375,0.48777,1.48777,0
273,1008,952,839,0,1,1,-0.375,2.69231,3.69231,0
779,1514,1458,1401,0,1,1,-0.375,0.943517,1.94352,0
301,923,923,810,0,1,1,-0.895833,2.06645,3.06645,0
429,1146,1279,1316,0,1,1,-0.895833,1.67133,2.67133,0
387,1184,1066,975,0,1,1,-0.895833,2.05943,3.05943,0
475,1167,1261,1166,0,1,1,-0.895833,1.45684,2.45684,0
1057,1621,1736,1679,0,1,1,-0.895833,0.533586,1.53359,0
1251,1986,1929,1816,0,1,1,-0.895833,0.58753,1.58753,0
1389,2067,2067,2011,0,1,1,-0.895833,0.488121,1.48812,0
1524,2259,2202,2146,0,1,1,-0.895833,0.482283,1.48228,0
395,1130,1073,960,0,1,1,-0.895833,1.86076,2.86076,0
350,1076,1181,963,0,1,1,-0.895833,2.07429,3.07429,0
385,1063,1063,950,0,1,1,-0.895833,1.76104,2.76104,0
349,1084,1084,971,0,1,1,-0.895833,2.10602,3.10602,0
571,1326,1306,1193,0,1,1,-0.895833,1.32224,2.32224,0
273,1008,951,838,0,1,1,-0.895833,2.69231,3.69231,0
351,1086,1086,973,0,1,1,-0.895833,2.09402,3.09402,0
565,1300,1243,1130,0,1,1,-0.895833,1.30088,2.30088,0
11293,7450,9021,7753,6,0,0,-0.25,0.340299,0.659701,1
7303,3787,4296,3747,1,0,0,-0.25,0.481446,0.518554,0
734,1243,1186,1073,6,1,0,-0.25,0.69346,1.69346,0
882,1391,1466,1279,0,0,0,-0.25,0.577098,1.5771,0
5601,3554,5366,5428,4,1,1,-0.25,0.36547,0.63453,1
8988,8792,9130,7932,7,0,0,-0.25,0.0218069,0.978193,1
4048,3298,4001,3037,7,1,0,-0.25,0.185277,0.814723,0
1722,2248,2674,2307,2,0,0,-0.25,0.305459,1.30546,0
269,948,891,865,6,1,0,-0.25,2.52416,3.52416,0
13489,10935,9193,10518,2,0,0,-0.25,0.189339,0.810661,1
293,802,689,820,0,1,0,-0.25,1.7372,2.7372,1
2979,3657,3544,3431,0,1,1,-0.375,0.227593,1.22759,0
497,1176,1063,950,0,1,1,-0.375,1.3662,2.3662,0
498,1243,1120,979,0,1,1,-0.375,1.49598,2.49598,0
702,1321,1268,1155,0,1,1,-0.375,0.881766,1.88177,0
1228,1907,1794,1737,0,1,1,-0.375,0.552932,1.55293,0
3431,4166,4053,3940,0,1,1,-0.375,0.214223,1.21422,0
2535,3213,3100,2987,0,1,1,-0.375,0.267456,1.26746,0
3135,3870,3757,3644,0,1,1,-0.375,0.23445,1.23445,0
2343,3012,2909,2852,0,1,1,-0.375,0.285531,1.28553,0
418,1153,1040,927,0,1,1,-0.375,1.75837,2.75837,0
333,1011,898,842,0,1,1,-0.375,2.03604,3.03604,0
386,1039,1209,1152,0,1,1,-0.375,1.69171,2.69171,0
852,1587,1474,1361,0,1,1,-0.375,0.862676,1.86268,0
982,1589,1547,1637,0,1,1,-0.375,0.618126,1.61813,0
879,1641,1501,1388,0,1,1,-0.375,0.866894,1.86689,0
778,1456,1343,1230,0,1,1,-0.375,0.871465,1.87147,0
3756,4435,4322,4209,0,1,1,-1.0875,0.180777,1.18078,0
3269,3948,3891,4177,0,1,1,-1.0875,0.207709,1.20771,0
1924,2602,2489,2376,0,1,1,-1.0875,0.352391,1.35239,0
2537,3216,3046,2990,0,1,1,-1.0875,0.267639,1.26764,0
716,1451,1338,1225,0,1,1,-1.0875,1.02654,2.02654,0
936,1500,1501,1510,0,1,1,-1.0875,0.602564,1.60256,0
855,1534,1421,1364,0,1,1,-1.0875,0.794152,1.79415,0
1962,2697,2584,2471,0,1,1,-1.0875,0.374618,1.37462,0
820,1499,1386,1329,0,1,1,0.203125,0.828049,1.82805,0
813,1491,1378,1415,0,1,1,0.203125,0.833948,1.83395,0
1680,2358,2245,2132,0,1,1,0.203125,0.403571,1.40357,0
717,1396,1283,1226,0,1,1,0.203125,0.947001,1.947,0
5647,4501,5807,4547,7,0,0,0.203125,0.20294,0.79706,1
12564,9886,9681,9868,2,1,1,0.203125,0.213149,0.786851,1
313,1048,992,879,0,1,1,0.203125,2.34824,3.34824,0
516,1251,1138,1081,0,1,1,0.203125,1.42442,2.42442,0
8277,8933,7245,8704,5,1,0,0.203125,0.0792558,1.07926,1
7291,7644,8197,8848,1,0,0,0.203125,0.0484159,1.04842,1
3322,3402,3492,3435,5,0,0,-0.135417,0.0240819,1.02408,0
419,984,815,758,1,0,0,-0.135417,1.34845,2.34845,1
553,1118,1005,949,0,1,1,-0.135417,1.0217,2.0217,1
311,876,1037,707,0,0,0,-0.135417,1.81672,2.81672,0
1944,2215,2551,2058,0,0,0,-0.135417,0.139403,1.1394,0
1458,1463,1751,1794,0,0,0,-0.135417,0.00342936,1.00343,0
436,945,1285,1228,0,1,1,-0.458333,1.16743,2.16743,0
716,1268,1445,1304,0,1,1,-0.458333,0.77095,1.77095,0
254,933,876,820,0,1,1,-0.458333,2.67323,3.67323,0
706,1384,1271,1215,0,1,1,-0.458333,0.96034,1.96034,0
1444,1784,1670,1614,0,1,1,-0.458333,0.235457,1.23546,1
1734,2017,1904,1847,0,1,0,-0.458333,0.163206,1.16321,0
2826,3448,3335,3279,0,1,1,-0.458333,0.220099,1.2201,0
2276,2657,2785,2728,0,1,0,-0.458333,0.167399,1.1674,0
715,1055,1111,970,0,0,0,-0.458333,0.475524,1.47552,0
895,1427,1320,1263,0,1,0,-0.458333,0.594413,1.59441,0
755,1377,1264,1207,0,1,0,-0.458333,0.823841,1.82384,0
1301,1754,1641,1584,0,1,0,-0.552083,0.348194,1.34819,0
1025,1340,1534,1478,0,1,1,-0.552083,0.307317,1.30732,0
1104,1444,1330,1274,1,0,0,-0.552083,0.307971,1.30797,0
1360,1643,1586,1529,0,1,0,-0.552083,0.208088,1.20809,0
1269,1891,2003,1722,0,1,1,-0.552083,0.49015,1.49015,0
784,1404,1293,1236,0,1,1,-0.552083,0.790816,1.79082,0
1092,1601,1488,1431,0,1,0,-0.552083,0.466117,1.46612,0
1187,1526,1413,1356,0,1,0,-0.552083,0.285594,1.28559,0
1076,1416,1303,1246,0,1,0,-0.552083,0.315985,1.31599,0
736,1301,1188,1132,0,1,0,-0.552083,0.767663,1.76766,0
830,1391,1366,1309,0,1,0,-0.552083,0.675904,1.6759,0
1209,1548,1435,1378,0,1,0,-0.552083,0.280397,1.2804,0
4699,5038,4765,5195,1,0,0,-0.489583,0.072143,1.07214,1
4250,4740,3461,4321,0,1,0,-0.489583,0.115294,1.11529,1
1458,1911,1741,1911,0,1,0,-0.489583,0.3107,1.3107,0
1805,2315,2031,2031,5,1,0,-0.489583,0.282548,1.28255,0
6576,6892,6740,5848,2,1,1,-0.489583,0.0480535,1.04805,1
1491,2281,1774,1944,5,0,0,-0.489583,0.529846,1.52985,1
3191,3417,3361,3361,0,1,0,-0.489583,0.0708242,1.07082,0
1677,1959,1846,1846,4,0,0,-0.489583,0.168157,1.16816,0
1736,2018,1905,1905,0,1,0,-0.489583,0.162442,1.16244,0
1430,1770,1713,1883,0,1,0,-0.489583,0.237762,1.23776,0
2011,1879,2627,2225,2,1,0,-0.489583,0.065639,0.934361,0
1027,1299,1565,1480,0,1,1,-0.489583,0.264849,1.26485,0
1248,1847,1701,1927,0,1,0,-0.260417,0.479968,1.47997,0
697,1146,1150,1093,0,1,1,-0.260417,0.644189,1.64419,0
1548,2057,2001,1944,0,1,1,-0.260417,0.328811,1.32881,0
1067,1463,1350,1350,0,1,0,-0.260417,0.371134,1.37113,0
675,1184,1071,1071,0,1,1,-0.260417,0.754074,1.75407,0
643,1152,1039,1039,0,1,1,-0.260417,0.791602,1.7916,0
632,1028,914,914,0,1,0,-0.260417,0.626582,1.62658,0
3946,4286,4172,4594,0,1,0,-0.260417,0.0861632,1.08616,0
702,1259,1162,1165,0,1,0,-0.260417,0.793447,1.79345,0
970,1383,1252,1252,0,1,0,-0.260417,0.425773,1.42577,0
597,993,880,823,0,1,0,-0.260417,0.663317,1.66332,0
1209,1548,1435,1435,0,1,0,-0.260417,0.280397,1.2804,0
620,1129,1016,1016,0,1,1,-0.8,0.820968,1.82097,0
859,1425,1312,1312,0,1,1,-0.8,0.658906,1.65891,0
1009,1348,1235,1179,0,1,0,-0.8,0.335976,1.33598,0
930,1236,1156,1156,0,1,0,-0.8,0.329032,1.32903,0
2198,2408,2368,2368,0,1,0,-0.8,0.0955414,1.09554,0
8881,4004,4848,4954,1,1,0,-0.8,0.54915,0.45085,0
1236,3118,2909,2700,0,1,1,-0.09375,1.52265,2.52265,0
661,2334,2125,2125,0,1,1,-0.09375,2.53101,3.53101,0
514,2396,2187,2187,0,1,1,-0.09375,3.66148,4.66148,0
621,2294,2085,2085,0,1,1,-0.09375,2.69404,3.69404,0
1111,2784,2575,2575,0,1,1,-0.09375,1.50585,2.50585,0
1034,3060,2707,2707,0,1,1,-0.09375,1.95938,2.95938,0
1202,2875,2666,2666,0,1,1,-0.09375,1.39185,2.39185,0
1953,2592,2383,2174,0,1,1,-0.09375,0.327189,1.32719,1
920,2810,2601,2601,0,1,1,-0.09375,2.05435,3.05435,0
2577,4564,4041,4041,0,1,1,-0.09375,0.771052,1.77105,0
2126,4329,4256,4256,0,1,1,-0.09375,1.03622,2.03622,0
1881,3554,3554,3345,0,1,1,-0.09375,0.889421,1.88942,0
2405,4406,4078,3869,0,1,1,-0.09375,0.832017,1.83202,0
1404,2450,2450,2450,0,1,1,-0.09375,0.745014,1.74501,0
2347,3123,2914,2914,0,1,1,-0.09375,0.330635,1.33063,0
22268,9846,10399,11645,1,1,0,-0.09375,0.557841,0.442159,0
921,2594,2385,2385,0,1,1,0,1.8165,2.8165,0
1067,2740,2740,2531,0,1,1,0,1.56795,2.56795,0
9892,6050,6985,5993,1,1,0,0,0.388395,0.611605,0
7357,6207,7183,9132,0,0,0,0,0.156314,0.843686,0
993,2666,2457,2248,0,1,1,0,1.68479,2.68479,0
872,2754,2336,2336,0,1,1,0,2.15826,3.15826,0
1564,3028,3655,3028,0,1,1,0,0.936061,1.93606,1
949,2831,2622,2622,0,1,1,0,1.98314,2.98314,0
768,2424,2232,2218,0,1,1,0,2.15625,3.15625,0
11220,7721,7724,8746,5,1,0,0,0.311854,0.688146,0
1668,2665,2247,2370,0,0,0,0,0.597722,1.59772,0
23705,10828,12122,11625,5,0,0,0,0.543219,0.456781,0
2581,4014,4658,3659,6,1,0,0,0.555211,1.55521,0
1801,3683,3265,3265,0,1,1,0,1.04498,2.04498,0
1020,2782,2792,2782,0,1,1,0,1.72745,2.72745,0
759,2641,2432,2432,0,1,1,0,2.47958,3.47958,0
780,2662,2035,2244,0,1,1,-0.791667,2.41282,3.41282,0
936,2818,2400,2400,0,1,1,-0.791667,2.01068,3.01068,0
687,2569,2151,2151,0,1,1,-0.791667,2.73945,3.73945,0
737,2828,2201,2410,0,1,1,-0.791667,2.83718,3.83718,0
863,2745,2327,2327,0,1,1,-0.791667,2.18076,3.18076,0
2433,4315,3897,3897,0,1,1,-0.791667,0.773531,1.77353,0
987,3078,2451,2660,0,1,1,-0.791667,2.11854,3.11854,0
2300,4182,3764,3764,0,1,1,-0.791667,0.818261,1.81826,0
1281,3163,2745,2745,0,1,1,-0.791667,1.46916,2.46916,0
779,2870,2243,2452,0,1,1,-0.791667,2.68421,3.68421,0
231,2322,1695,1695,0,1,1,-0.791667,9.05195,10.0519,0
799,2681,2263,2263,0,1,1,-0.791667,2.35544,3.35544,0
857,2948,2321,2530,0,1,1,-0.791667,2.43991,3.43991,0
1572,3454,3036,3036,0,1,1,-0.791667,1.1972,2.1972,0
822,2913,2495,2495,0,1,1,-0.791667,2.5438,3.5438,0
2323,4414,3787,3787,0,1,1,-0.791667,0.900129,1.90013,0
1552,3434,3016,3016,0,1,1,-1.22917,1.21263,2.21263,0
2371,4253,3835,3835,0,1,1,-1.22917,0.793758,1.79376,0
599,2690,2063,2063,0,1,1,-1.22917,3.49082,4.49082,0
988,2870,2452,2452,0,1,1,-1.22917,1.90486,2.90486,0
2000,3882,3464,3464,0,1,1,-1.22917,0.941,1.941,0
1737,3619,3201,3201,0,1,1,-1.22917,1.08348,2.08348,0
381,2263,1845,1845,0,1,1,-1.22917,4.93963,5.93963,0
1144,3190,2608,2608,0,1,1,-1.22917,1.78846,2.78846,0
298,2389,1762,1762,0,1,1,-1.22917,7.01678,8.01678,0
1038,2920,2502,2502,0,1,1,-1.22917,1.8131,2.8131,0
771,2862,2444,2444,0,1,1,-1.22917,2.71206,3.71206,0
1361,3243,2825,2825,0,1,1,-1.22917,1.38281,2.38281,0
660,2542,2124,2124,0,1,1,-1.22917,2.85152,3.85152,0
330,2421,2003,2003,0,1,1,-1.22917,6.33636,7.33636,0
1402,3284,2866,2866,0,1,1,-1.22917,1.34237,2.34237,0
630,2721,2303,2303,0,1,1,-1.22917,3.31905,4.31905,0
1237,3124,3310,2701,0,1,1,-0.4375,1.52546,2.52546,0
2022,3904,3486,3486,0,1,1,-0.4375,0.930762,1.93076,0
1388,3270,2852,2852,0,1,1,-0.4375,1.35591,2.35591,0
565,2653,2029,2029,0,1,1,-0.4375,3.69558,4.69558,0
1600,3467,3064,3064,0,1,1,-0.4375,1.16688,2.16688,0
1347,3229,2602,2811,0,1,1,-0.4375,1.39718,2.39718,0
562,2435,2026,2026,0,1,1,-0.4375,3.33274,4.33274,0
1310,3186,2774,2774,0,1,1,-0.4375,1.43206,2.43206,0
12808,6251,9103,7323,1,1,1,-0.4375,0.511946,0.488054,1
3655,4754,4589,4623,1,1,1,-0.4375,0.300684,1.30068,1
10245,10659,11976,6299,7,1,1,-0.4375,0.04041,1.04041,1
14888,9140,10503,8832,7,0,0,-0.4375,0.386083,0.613917,0
1223,3017,2687,3274,0,1,1,-0.4375,1.46688,2.46688,0
1122,2937,3154,3114,0,1,1,-0.4375,1.61765,2.61765,0
916,2471,2171,2171,5,0,0,-0.4375,1.6976,2.6976,0
1399,3063,3447,2613,0,1,1,-0.4375,1.18942,2.18942,0
1578,3258,3042,3042,0,1,1,-0.666667,1.06464,2.06464,0
1255,3123,2928,2928,0,1,1,-0.666667,1.48845,2.48845,0
1039,2712,2503,2503,0,1,1,-0.666667,1.6102,2.6102,0
973,2877,2646,2646,0,1,1,-0.666667,1.95683,2.95683,0
2514,4396,4187,4187,0,1,1,-0.666667,0.748608,1.74861,0
999,2873,2463,2463,0,1,1,-0.666667,1.87588,2.87588,0
1965,3847,3638,3638,0,1,1,-0.666667,0.957761,1.95776,0
2297,3970,3761,3761,0,1,1,-0.666667,0.728341,1.72834,0
567,2464,2240,2240,0,1,1,-0.666667,3.34568,4.34568,0
667,2529,2131,2131,0,1,1,-0.666667,2.7916,3.7916,0
1164,2724,3726,3142,0,1,1,-0.666667,1.34021,2.34021,0
987,2852,2660,2660,0,1,1,-0.666667,1.88956,2.88956,0
1516,3379,2980,2980,0,1,1,-0.666667,1.22889,2.22889,0
2365,4313,4038,4038,0,1,1,-0.666667,0.823679,1.82368,0
1479,3325,2943,2943,0,1,1,-0.666667,1.24814,2.24814,0
1594,3322,3819,3787,0,1,1,-0.666667,1.08407,2.08407,0
999,2663,2454,2454,0,1,1,-1.02083,1.66567,2.66567,0
1430,3027,2906,2906,0,1,1,-1.02083,1.11678,2.11678,0
1362,3321,2903,2903,0,1,1,-1.02083,1.43833,2.43833,0
598,2575,2366,2366,0,1,1,-1.02083,3.30602,4.30602,0
721,2609,2408,2408,0,1,1,-1.02083,2.61859,3.61859,0
4302,3904,5235,6453,0,0,0,-1.02083,0.0925151,0.907485,0
677,2356,2147,2147,0,1,1,-1.02083,2.48006,3.48006,0
3789,5462,5253,5253,0,1,1,-1.02083,0.441541,1.44154,0
3197,5132,5323,5806,0,1,1,-0.109375,0.605255,1.60525,0
1117,2870,2614,2614,0,1,1,-0.109375,1.56938,2.56938,0
2015,3699,3490,3490,0,1,1,-0.109375,0.835732,1.83573,0
2197,4530,4034,4034,0,1,1,-0.109375,1.0619,2.0619,0
15094,17271,21219,6242,7,1,0,-0.109375,0.144229,1.14423,0
5027,6604,10599,9544,6,0,0,-0.109375,0.313706,1.31371,0
5930,4689,6841,9317,0,0,0,-0.109375,0.209275,0.790725,0
5547,3827,5518,5058,2,1,0,-0.109375,0.310078,0.689922,0
2585,4119,3910,3701,0,1,1,-0.109375,0.593424,1.59342,0
4715,3370,3161,3161,7,1,0,-0.109375,0.28526,0.71474,0
1708,3420,3163,3163,0,1,1,-0.109375,1.00234,2.00234,0
2467,4303,4453,4482,0,1,1,-0.109375,0.744224,1.74422,0
3752,5290,5554,6264,6,0,0,-0.109375,0.409915,1.40991,0
619,2229,2020,1811,0,1,1,-0.109375,2.60097,3.60097,0
10814,11972,11792,12777,6,0,0,-0.109375,0.107083,1.10708,0
1044,2508,2508,3938,1,1,1,-0.109375,1.4023,2.4023,1
1377,2710,3312,2841,0,0,0,-0.458333,0.968046,1.96805,0
3124,4363,4378,5765,0,1,0,-0.458333,0.396607,1.39661,0
1489,2971,4292,3180,0,0,0,-0.458333,0.995299,1.9953,0
1538,2793,3591,3002,6,1,0,-0.458333,0.815995,1.81599,0
1046,2727,2510,2301,0,1,1,-0.458333,1.60707,2.60707,0
1036,2649,2966,2306,0,1,1,-0.458333,1.55695,2.55695,0
1193,3083,2866,2657,0,1,1,-0.458333,1.58424,2.58424,0
2274,3253,4482,4121,0,1,1,-0.458333,0.430519,1.43052,0
27918,28473,32250,31902,2,1,1,-0.458333,0.0198796,1.01988,1
19308,8439,10581,9040,0,0,0,-0.458333,0.562927,0.437073,0
13168,11431,10456,11645,2,1,1,-0.458333,0.131911,0.868089,1
989,2662,2244,2035,0,1,1,-0.458333,1.69161,2.69161,1
1308,3453,2772,2563,0,1,1,-0.458333,1.63991,2.63991,0
6610,5283,4939,4966,6,1,0,-0.458333,0.200756,0.799244,1
989,2866,2453,2244,0,1,1,-0.458333,1.89788,2.89788,0
559,2441,2023,1814,0,1,1,-1.52083,3.36673,4.36673,0
897,2779,2152,1943,0,1,1,-1.52083,2.0981,3.0981,0
1660,3542,2915,2706,0,1,1,-1.52083,1.13373,2.13373,0
1019,3110,2483,2274,0,1,1,-1.52083,2.05201,3.05201,0
822,2704,2077,1868,0,1,1,-1.52083,2.28954,3.28954,0
1346,3437,2810,2601,0,1,1,-1.52083,1.55349,2.55349,0
1358,3240,2822,2613,0,1,1,-1.52083,1.38586,2.38586,0
1184,3275,2648,2439,0,1,1,-1.52083,1.76605,2.76605,0
1980,4071,3444,3235,0,1,1,-1.52083,1.05606,2.05606,0
961,2843,2425,2216,0,1,1,-1.52083,1.95838,2.95838,0
656,2747,2120,1911,0,1,1,-1.52083,3.1875,4.1875,0
661,2752,2125,1916,0,1,1,-1.52083,3.16339,4.16339,0
1524,3406,2988,2779,0,1,1,-1.52083,1.23491,2.23491,0
1058,3149,2522,2313,0,1,1,-1.52083,1.97637,2.97637,0
978,3069,2442,2233,0,1,1,-1.52083,2.13804,3.13804,0
970,3061,2434,2225,0,1,1,-1.52083,2.15567,3.15567,0
864,2746,2119,1910,0,1,1,-1.10417,2.17824,3.17824,0
703,2794,2167,1958,0,1,1,-1.10417,2.9744,3.9744,0
897,2779,2361,2152,0,1,1,-1.10417,2.0981,3.0981,0
974,3065,2438,2229,0,1,1,-1.10417,2.14682,3.14682,0
742,2833,2206,1997,0,1,1,-1.10417,2.81806,3.81806,0
1021,2903,2485,2276,0,1,1,-1.10417,1.84329,2.84329,0
785,2876,2249,2040,0,1,1,-1.10417,2.66369,3.66369,0
35162,29183,27999,27222,4,1,0,-1.10417,0.170042,0.829958,0
250,2550,1714,1505,0,1,1,-1.10417,9.2,10.2,0
651,2742,1906,1697,0,1,1,-1.10417,3.21198,4.21198,0
236,2523,1700,1491,0,1,1,-1.10417,9.69068,10.6907,0
691,2782,1946,1946,0,1,1,-1.10417,3.02605,4.02605,0
7085,8425,8761,8560,7,1,0,-1.10417,0.189132,1.18913,0
26054,20344,26936,25430,6,0,0,-1.10417,0.21916,0.78084,1
663,2963,2336,1918,0,1,1,-1.10417,3.46908,4.46908,0
1277,3368,2741,2666,0,0,0,-1.10417,1.63743,2.63743,0
7651,6061,8775,8586,2,1,0,-0.541667,0.207816,0.792184,0
3824,5415,5288,5079,0,0,0,-0.541667,0.416056,1.41606,0
13687,11428,14803,13692,2,0,0,-0.541667,0.165047,0.834953,0
8482,7358,8822,7922,0,0,0,-0.541667,0.132516,0.867484,0
3915,5485,6068,5154,4,1,0,-0.541667,0.401022,1.40102,0
750,2533,2671,2551,0,1,1,-0.541667,2.37733,3.37733,0
6126,10645,11396,10776,5,1,1,-0.541667,0.737675,1.73768,1
1108,2685,3007,2777,0,1,1,-0.541667,1.42329,2.42329,1
14455,14426,16554,15411,6,1,0,-0.541667,0.00200623,0.997994,0
27272,12553,18601,14315,1,0,0,-0.541667,0.539711,0.460289,1
12156,9322,10730,8792,7,0,0,-0.541667,0.233136,0.766864,0
11883,9515,11079,11615,4,0,0,-0.541667,0.199276,0.800724,0
19594,16195,16064,15914,1,0,0,-0.541667,0.173471,0.826529,1
1697,2850,4365,3866,0,0,0,-0.541667,0.679434,1.67943,0
16422,16387,18278,19185,2,0,0,-0.541667,0.00213129,0.997869,0
455,2161,2347,2138,0,1,1,-0.541667,3.74945,4.74945,0
811,2275,2693,2902,0,1,1,-1.17708,1.80518,2.80518,0
795,2468,2886,2677,0,1,1,-1.17708,2.1044,3.1044,0
2312,2959,4290,4061,0,1,1,-1.17708,0.279844,1.27984,0
618,2082,2500,2291,0,1,1,-1.17708,2.36893,3.36893,0
889,2562,2980,2771,0,1,1,-1.17708,1.88189,2.88189,0
1594,3267,3685,3267,0,1,1,-1.17708,1.04956,2.04956,0
1672,3345,3554,3345,0,1,1,-1.17708,1.0006,2.0006,0
1681,3309,3518,3309,0,1,1,-1.17708,0.968471,1.96847,0
880,2756,2762,2905,0,1,1,-1.17708,2.13182,3.13182,0
977,2377,3840,3020,0,1,1,-1.17708,1.43296,2.43296,0
1155,2410,3664,3455,0,1,1,-1.17708,1.08658,2.08658,0
511,2184,2602,2393,0,1,1,-1.17708,3.27397,4.27397,0
1398,3071,3489,3071,0,1,1,-1.17708,1.19671,2.19671,0
1639,3312,3521,3312,0,1,1,-1.17708,1.02074,2.02074,0
1434,2898,3316,3107,0,1,1,-1.17708,1.02092,2.02092,0
1858,3531,3949,3740,0,1,1,-1.17708,0.900431,1.90043,0
929,2771,3008,3156,0,1,1,-1.1375,1.98278,2.98278,0
2378,4260,4260,4051,0,1,1,-1.1375,0.791421,1.79142,0
2149,2866,4453,3549,0,1,1,-1.1375,0.333644,1.33364,0
7344,7630,9425,9007,0,1,1,-1.1375,0.0389434,1.03894,0
591,2501,2510,2301,0,1,1,-1.1375,3.23181,4.23181,0
4139,5935,6230,6021,0,1,1,-1.1375,0.433921,1.43392,0
666,2339,2757,2339,0,1,1,-1.1375,2.51201,3.51201,0
2718,4391,4553,4134,0,1,1,-1.1375,0.615526,1.61553,0
2565,4166,5000,4166,0,1,1,0.046875,0.624172,1.62417,0
1706,3786,3874,3456,0,1,1,0.046875,1.21923,2.21923,0
2280,3974,4392,3974,0,1,1,0.046875,0.742982,1.74298,0
2219,3922,4131,3922,0,1,1,0.046875,0.767463,1.76746,0
9488,6760,10824,8379,6,1,0,0.046875,0.287521,0.712479,1
978,2688,2926,2936,0,1,1,0.046875,1.74847,2.74847,0
12947,11209,12882,12255,2,1,0,0.046875,0.13424,0.86576,1
1851,2592,4000,3984,0,1,1,0.046875,0.400324,1.40032,0
3700,5580,5789,5371,0,1,1,0.046875,0.508108,1.50811,0
3695,5403,5478,5269,0,1,1,0.046875,0.462246,1.46225,0
1469,3099,3308,2890,0,1,1,0.046875,1.1096,2.1096,0
1812,3892,3428,3219,0,1,1,0.046875,1.1479,2.1479,0
11238,7814,8859,8441,2,1,1,0.046875,0.304681,0.695319,1
882,2555,2764,2555,0,1,1,0.046875,1.89683,2.89683,0
4605,6674,8119,8561,2,1,0,0.046875,0.449294,1.44929,0
4249,5223,5432,5223,0,1,1,-0.364583,0.22923,1.22923,0
3494,3859,4483,4322,0,0,0,-0.364583,0.104465,1.10446,0
3951,4584,8225,4994,0,1,1,-0.364583,0.160213,1.16021,0
10478,5893,8153,7270,1,0,0,-0.364583,0.437584,0.562416,0
2722,4692,6080,4853,7,1,0,-0.364583,0.723733,1.72373,0
1850,3941,3523,3314,0,1,1,-0.364583,1.13027,2.13027,0
3492,5583,5656,4956,0,1,1,-0.364583,0.598797,1.5988,1
1952,4055,3834,3416,0,1,1,-0.364583,1.07736,2.07736,0
561,2729,2520,2311,0,1,1,-0.364583,3.86453,4.86453,0
30552,21957,23167,15810,7,0,0,-0.364583,0.281324,0.718676,1
7308,6391,4974,4765,0,0,0,-0.364583,0.125479,0.874521,0
10556,6886,7095,7821,1,0,0,-0.364583,0.34767,0.65233,0
1225,2898,3316,3560,0,1,1,-0.364583,1.36571,2.36571,0
11725,11198,12453,9649,6,0,0,-0.364583,0.0449467,0.955053,0
510,2321,2948,2530,0,1,1,-0.364583,3.55098,4.55098,0
844,2517,2935,2726,0,1,1,-0.895833,1.98223,2.98223,0
1624,3297,3715,3506,0,1,1,-0.895833,1.03017,2.03017,0
1189,2653,3280,2862,0,1,1,-0.895833,1.23129,2.23129,0
1352,3025,3652,3234,0,1,1,-0.895833,1.23743,2.23743,0
775,2448,2866,2657,0,1,1,-0.895833,2.15871,3.15871,0
1302,2919,3393,3184,0,1,1,-0.895833,1.24194,2.24194,0
908,2581,2999,2790,0,1,1,-0.895833,1.84251,2.84251,0
1140,2727,3440,3022,0,1,1,-0.895833,1.39211,2.39211,0
710,2548,3428,3384,0,1,1,-0.895833,2.58873,3.58873,0
565,2410,3186,2673,0,1,1,-0.895833,3.26549,4.26549,0
479,2350,2799,2381,0,1,1,-0.895833,3.90605,4.90605,0
608,2465,3328,2763,0,1,1,-0.895833,3.05428,4.05428,0
803,2267,3312,2894,0,1,1,-0.895833,1.82316,2.82316,0
1562,3244,3653,3444,0,1,1,-0.895833,1.07682,2.07682,0
889,2353,3398,2980,0,1,1,-0.895833,1.64679,2.64679,0
952,2820,3252,3043,0,1,1,-0.895833,1.96218,2.96218,0
509,2391,2853,2644,0,1,1,-1.19792,3.69745,4.69745,0
776,2449,2867,2658,0,1,1,-1.19792,2.15593,3.15593,0
567,2228,2871,2453,0,1,1,-1.19792,2.92945,3.92945,0
588,2261,2888,2679,0,1,1,-1.19792,2.84524,3.84524,0
1394,3067,3485,3276,0,1,1,-1.19792,1.20014,2.20014,0
1483,3164,3574,3365,0,1,1,-1.19792,1.13351,2.13351,0
1740,3413,3831,3622,0,1,1,-1.19792,0.961494,1.96149,0
1669,3342,3989,3551,0,1,1,-1.19792,1.0024,2.0024,0
600,2250,2877,2459,0,1,1,-1.19792,2.75,3.75,0
546,2219,2846,2637,0,1,1,-1.19792,3.0641,4.0641,0
541,2214,2841,2632,0,1,1,-1.19792,3.09242,4.09242,0
599,2453,2899,2690,0,1,1,-1.19792,3.09516,4.09516,0
803,2476,3103,2894,0,1,1,-1.19792,2.08344,3.08344,0
430,2103,2730,2521,0,1,1,-1.19792,3.8907,4.8907,0
539,2421,2839,2630,0,1,1,-1.19792,3.49165,4.49165,0
715,2597,3039,2830,0,1,1,-1.19792,2.63217,3.63217,0
13925,10631,12209,12592,0,0,0,-0.447917,0.236553,0.763447,0
2946,5575,7333,6536,6,0,0,-0.447917,0.892396,1.8924,0
5541,5883,6691,6504,4,1,0,-0.447917,0.0617217,1.06172,0
9456,7217,7651,8002,2,1,1,-0.447917,0.236781,0.763219,1
16429,17273,17047,17035,0,0,0,-0.447917,0.0513726,1.05137,0
906,2528,2997,2579,0,1,1,-0.447917,1.79029,2.79029,0
24528,24623,24625,26345,4,1,0,-0.447917,0.00387312,1.00387,1
1172,2770,2778,2560,0,1,0,-0.447917,1.36348,2.36348,0
5028,6182,6878,6964,7,0,0,-0.447917,0.229515,1.22951,0
9088,11035,10133,10222,7,0,0,-0.447917,0.214239,1.21424,0
3975,4297,4432,4432,0,0,0,-0.447917,0.0810063,1.08101,0
1836,3075,3844,3487,5,1,0,-0.447917,0.674837,1.67484,0
12863,11470,13435,12298,1,0,0,-0.447917,0.108295,0.891705,1
529,2375,2368,1954,4,1,0,-0.447917,3.4896,4.4896,1
19545,7356,8796,7533,1,0,0,-0.447917,0.623638,0.376362,0
430,2720,2315,2138,4,1,1,-0.447917,5.32558,6.32558,1
3107,5385,4989,4780,0,1,1,-0.822917,0.733183,1.73318,0
1059,2858,3694,2460,0,1,1,-0.822917,1.69877,2.69877,0
652,2728,2519,2310,0,1,1,-0.822917,3.18405,4.18405,0
886,2990,2979,2561,0,1,1,-0.822917,2.37472,3.37472,0
1835,3508,4344,3508,0,1,1,-0.822917,0.911717,1.91172,0
3745,5836,5627,5418,0,1,1,-0.822917,0.558344,1.55834,0
2991,4664,5500,4873,0,1,1,-0.822917,0.559345,1.55934,0
3300,5391,5182,4973,0,1,1,-0.822917,0.633636,1.63364,0
3205,4878,5714,4654,0,1,1,-0.822917,0.521997,1.522,0
593,2684,2684,2266,0,1,1,-0.822917,3.52614,4.52614,0
536,2841,2398,2225,0,1,1,-0.822917,4.30037,5.30037,0
249,2730,2401,2563,0,1,1,-0.822917,9.96386,10.9639,0
980,3071,3071,2653,0,1,1,-0.822917,2.13367,3.13367,0
1156,3247,3038,2829,0,1,1,-0.822917,1.80882,2.80882,0
861,3155,2946,2737,0,1,1,-0.822917,2.66434,3.66434,0
899,3199,2990,2781,0,1,1,-0.822917,2.5584,3.5584,0
3965,6284,5847,5638,0,1,1,-1.3,0.584868,1.58487,0
3363,5700,5245,5036,0,1,1,-1.3,0.694915,1.69492,0
1816,4308,3907,3698,0,1,1,-1.3,1.37225,2.37225,0
2655,5092,4746,4328,0,1,1,-1.3,0.917891,1.91789,0
839,3051,2721,2512,0,1,1,-1.3,2.63647,3.63647,0
915,3212,3006,2797,0,1,1,-1.3,2.51038,3.51038,0
1056,3588,3157,2739,0,1,1,-1.3,2.39773,3.39773,0
2156,4641,4045,3836,0,1,1,-1.3,1.1526,2.1526,0
834,3298,2928,2510,0,1,1,-0.078125,2.95444,3.95444,0
812,3345,2907,2698,0,1,1,-0.078125,3.11946,4.11946,0
1527,3795,3586,3168,0,1,1,-0.078125,1.48527,2.48527,0
758,3090,2881,2672,0,1,1,-0.078125,3.07652,4.07652,0
11941,11404,11483,9187,2,1,1,-0.078125,0.0449711,0.955029,1
5726,7244,6581,4697,2,1,1,-0.078125,0.265107,1.26511,1
21841,12674,13483,13645,0,0,0,-0.078125,0.419715,0.580285,0
1478,3353,3204,3275,5,0,0,-0.078125,1.26861,2.26861,0
563,2882,2655,2237,0,1,1,-0.078125,4.11901,5.11901,0
401,2726,2489,2280,0,1,1,-0.078125,5.798,6.798,0
7000,8464,9718,8464,0,0,0,-0.078125,0.209143,1.20914,0
7398,8329,8996,7532,6,0,0,-0.078125,0.125845,1.12584,0
1800,3055,3473,3264,7,0,0,-0.354167,0.697222,1.69722,0
12848,7558,9440,7466,6,0,0,-0.354167,0.411737,0.588263,0
1542,3408,3633,3000,0,1,1,-0.354167,1.21012,2.21012,0
16009,13082,13472,13540,2,0,0,-0.354167,0.182835,0.817165,0
1159,2370,3576,2991,2,1,0,-0.354167,1.04487,2.04487,0
457,2322,2322,2113,0,0,0,-0.354167,4.08096,5.08096,0
12117,12644,13834,14579,6,1,0,-0.354167,0.0434926,1.04349,0
992,2456,3103,2456,0,1,1,-0.354167,1.47581,2.47581,0
7347,9020,8559,8141,7,1,0,-0.354167,0.227712,1.22771,0
18093,18462,19065,18070,5,0,0,-0.354167,0.0203946,1.02039,0
670,2343,2193,1925,6,1,1,-0.354167,2.49701,3.49701,1
427,2502,2309,2100,0,1,1,-0.697917,4.85948,5.85948,0
706,2984,3380,2588,0,1,1,-0.697917,3.22663,4.22663,0
385,2685,2476,2058,0,1,1,-0.697917,5.97403,6.97403,0
598,2696,3088,2271,0,1,1,-0.697917,3.50836,4.50836,0
588,2888,2679,2470,0,1,1,-0.697917,3.91156,4.91156,0
1259,3193,3694,3822,0,1,1,-0.697917,1.53614,2.53614,0
2416,4716,4861,4298,0,1,1,-0.697917,0.951987,1.95199,0
2284,4783,5464,4479,0,1,1,-0.697917,1.09413,2.09413,0
528,2619,2410,2201,0,1,1,-0.697917,3.96023,4.96023,0
163,2463,2254,2045,0,1,1,-0.697917,14.1104,15.1104,0
618,2918,2709,2500,0,1,1,-0.697917,3.72168,4.72168,0
924,2874,3710,2914,0,1,1,-0.697917,2.11039,3.11039,0
1639,3926,3717,3299,0,1,1,-0.729167,1.39536,2.39536,0
679,3171,2774,2565,0,1,1,-0.729167,3.6701,4.6701,0
780,3003,3250,3041,0,1,1,-0.729167,2.85,3.85,0
754,3272,3454,3036,0,1,1,-0.729167,3.33952,4.33952,0
1186,3486,3277,3068,0,1,1,-0.729167,1.93929,2.93929,0
1003,3240,3556,2822,0,1,1,-0.729167,2.23031,3.23031,0
810,3420,3223,2805,0,1,1,-0.729167,3.22222,4.22222,0
779,3131,2922,2713,0,1,1,-0.729167,3.01926,4.01926,0
691,2838,3181,2972,0,1,1,-0.729167,3.10709,4.10709,0
418,2974,2765,2347,0,1,1,-0.729167,6.11483,7.11483,0
608,2999,2790,2581,0,1,1,-0.729167,3.93257,4.93257,0
767,3326,3158,2740,0,1,1,-0.729167,3.33638,4.33638,0
5271,6810,7909,7073,0,0,0,-0.572917,0.291975,1.29197,0
3098,5166,5861,5493,0,0,0,-0.572917,0.667527,1.66753,0
733,2802,3390,2972,0,1,1,-0.572917,2.82265,3.82265,0
1343,3211,3721,3512,0,1,1,-0.572917,1.39092,2.39092,0
3925,6020,5991,6618,1,0,0,-0.572917,0.533758,1.53376,0
1264,3391,2519,2299,4,1,0,-0.572917,1.68275,2.68275,0
2373,4533,5238,4850,0,1,1,-0.572917,0.91024,1.91024,0
1538,3843,3704,3495,0,1,1,-0.572917,1.4987,2.4987,0
1221,3736,3420,3211,0,1,1,-0.572917,2.05979,3.05979,0
1098,3565,3147,2729,0,1,1,-0.572917,2.24681,3.24681,0
1189,4111,4715,4665,0,1,1,-0.572917,2.45753,3.45753,0
935,3136,2983,2774,0,1,1,-0.572917,2.35401,3.35401,0
1371,3256,4141,4076,0,1,1,-0.5625,1.37491,2.37491,0
790,3353,2881,2672,0,1,1,-0.5625,3.2443,4.2443,0
1356,3959,3447,3238,0,1,1,-0.5625,1.91962,2.91962,0
714,3109,2805,2387,0,1,1,-0.5625,3.35434,4.35434,0
575,3102,2669,2460,0,1,1,-0.5625,4.39478,5.39478,0
893,3104,2686,2477,0,1,1,-0.5625,2.47592,3.47592,0
323,2961,2458,2249,0,1,1,-0.5625,8.16718,9.16718,0
2972,5720,5894,6293,0,1,1,-0.5625,0.92463,1.92463,0
837,3152,2734,2525,0,1,1,-0.5625,2.76583,3.76583,0
705,3115,3746,2820,0,1,1,-0.5625,3.41844,4.41844,0
362,2918,2517,2308,0,1,1,-0.5625,7.06077,8.06077,0
811,3417,2999,2790,0,1,1,-0.5625,3.21332,4.21332,0
785,3218,2876,2667,0,1,1,-0.9,3.09936,4.09936,0
764,3193,2855,2646,0,1,1,-0.9,3.17932,4.17932,0
523,3167,3011,2593,0,1,1,-0.9,5.05545,6.05545,0
811,3252,3018,2809,0,1,1,-0.9,3.00986,4.00986,0
896,3732,3186,2977,0,1,1,-0.9,3.16518,4.16518,0
7721,7086,7777,7799,0,0,0,-0.9,0.0822432,0.917757,0
1242,3721,3445,3170,0,1,1,-0.46875,1.99597,2.99597,0
711,2905,2629,2629,0,1,1,-0.46875,3.08579,4.08579,0
526,3005,2729,2454,0,1,1,-0.46875,4.71293,5.71293,0
732,3211,2647,2647,0,1,1,-0.46875,3.38661,4.38661,0
1295,3499,3223,3223,0,1,1,-0.46875,1.70193,2.70193,0
1083,3835,3286,3011,0,1,1,-0.46875,2.54109,3.54109,0
1229,3433,3157,3157,0,1,1,-0.46875,1.79333,2.79333,0
691,3426,2966,2691,0,1,1,-0.46875,3.95803,4.95803,0
968,3718,3171,2896,0,1,1,-0.46875,2.84091,3.84091,0
2811,5015,4739,4739,0,1,1,-0.46875,0.784063,1.78406,0
2101,5099,4648,4648,0,1,1,-0.46875,1.42694,2.42694,0
1865,4330,3793,3793,0,1,1,-0.46875,1.32172,2.32172,0
2829,5481,4795,4795,0,1,1,-0.46875,0.937434,1.93743,0
631,3110,2834,2559,0,1,1,-0.46875,3.92868,4.92868,0
1164,3941,3374,3374,0,1,1,-0.46875,2.38574,3.38574,0
28861,9174,13956,9455,5,1,0,-0.46875,0.682132,0.317868,0
1033,3142,3557,2591,0,1,1,-0.729167,2.04163,3.04163,0
1210,3837,4210,4170,0,1,1,-0.729167,2.17107,3.17107,0
5241,7366,9035,9561,0,1,1,-0.729167,0.405457,1.40546,0
5059,7349,6987,7668,0,1,1,-0.729167,0.452659,1.45266,0
928,3521,3839,4347,0,1,1,-0.729167,2.79418,3.79418,0
928,3402,3126,3126,0,1,1,-0.729167,2.66595,3.66595,0
1072,3526,3819,3608,0,1,1,-0.729167,2.28918,3.28918,0
1273,3517,3517,3241,0,1,1,-0.729167,1.76277,2.76277,0
870,4289,5236,3154,2,0,0,-0.729167,3.92989,4.92989,0
2554,5200,6868,7172,0,1,1,-0.729167,1.03602,2.03602,0
3651,5538,6241,6883,2,1,0,-0.729167,0.516845,1.51684,0
5358,8911,9954,8112,0,1,1,-0.729167,0.663121,1.66312,0
2058,3969,6948,4641,0,1,1,-0.729167,0.928571,1.92857,0
1872,4351,4076,3800,0,1,1,-0.729167,1.32425,2.32425,0
638,3767,3713,3483,0,1,1,-0.729167,4.90439,5.90439,0
1073,3277,3277,3001,0,1,1,-0.729167,2.05405,3.05405,0
616,3095,2819,2544,0,1,1,-0.875,4.02435,5.02435,0
1316,3795,3244,3244,0,1,1,-0.875,1.88374,2.88374,0
769,3248,2697,2697,0,1,1,-0.875,3.22367,4.22367,0
1077,3556,3281,3005,0,1,1,-0.875,2.30176,3.30176,0
1166,3645,3094,3094,0,1,1,-0.875,2.12607,3.12607,0
2514,4993,4442,4442,0,1,1,-0.875,0.986078,1.98608,0
1277,3756,3481,3205,0,1,1,-0.875,1.94127,2.94127,0
2079,4833,4282,4007,0,1,1,-0.875,1.32468,2.32468,0
1400,3879,3328,3328,0,1,1,-0.875,1.77071,2.77071,0
1080,3559,3284,3008,0,1,1,-0.875,2.29537,3.29537,0
234,2713,2162,2162,0,1,1,-0.875,10.594,11.594,0
614,3093,2817,2542,0,1,1,-0.875,4.03746,5.03746,0
1132,3611,3336,3060,0,1,1,-0.875,2.18993,3.18993,0
1358,4112,3561,3286,0,1,1,-0.875,2.02798,3.02798,0
1055,3534,3259,2983,0,1,1,-0.875,2.34976,3.34976,0
2122,4876,4325,4050,0,1,1,-0.875,1.29783,2.29783,0
2009,4488,3937,3937,0,1,1,-1.22917,1.23395,2.23395,0
2757,5236,4685,4410,0,1,1,-1.22917,0.899166,1.89917,0
861,3340,2789,2789,0,1,1,-1.22917,2.87921,3.87921,0
786,3540,2989,2714,0,1,1,-1.22917,3.50382,4.50382,0
2230,4709,4158,3883,0,1,1,-1.22917,1.11166,2.11166,0
1693,4172,3896,3621,0,1,1,-1.22917,1.46426,2.46426,0
653,3132,2581,2306,0,1,1,-1.22917,3.79632,4.79632,0
1037,4068,3240,2965,0,1,1,-1.22917,2.92285,3.92285,0
534,3013,2462,2462,0,1,1,-1.22917,4.64232,5.64232,0
763,3517,2966,2691,0,1,1,-1.22917,3.60944,4.60944,0
1104,3583,3032,3032,0,1,1,-1.22917,2.24547,3.24547,0
1249,4003,3452,3177,0,1,1,-1.22917,2.20496,3.20496,0
439,3193,2642,2367,0,1,1,-1.22917,6.27335,7.27335,0
541,3020,2469,2469,0,1,1,-1.22917,4.58226,5.58226,0
1195,3949,3398,3123,0,1,1,-1.22917,2.3046,3.3046,0
740,3494,2943,2943,0,1,1,-1.22917,3.72162,4.72162,0
1601,4081,4336,3529,0,1,1,-0.5,1.54903,2.54903,0
2270,5025,4198,3923,0,1,1,-0.5,1.21366,2.21366,0
1649,4404,3577,3577,0,1,1,-0.5,1.67071,2.67071,0
380,3410,2583,2308,0,1,1,-0.5,7.97368,8.97368,0
1824,4296,3752,3477,0,1,1,-0.5,1.35526,2.35526,0
1210,3964,3413,3138,0,1,1,-0.5,2.27603,3.27603,0
840,3595,2768,2493,0,1,1,-0.5,3.27976,4.27976,0
1102,3594,3305,3030,0,1,1,-0.5,2.26134,3.26134,0
5220,6575,7959,8403,0,1,1,-0.5,0.259579,1.25958,0
3389,5593,5042,5593,0,1,1,-0.5,0.650339,1.65034,0
3486,4921,5513,4609,0,1,1,-0.5,0.411647,1.41165,0
6169,7546,6995,6719,0,0,0,-0.5,0.223213,1.22321,0
1502,3887,3336,3061,0,1,1,-0.5,1.58788,2.58788,0
730,3238,2966,2691,0,1,1,-0.5,3.43562,4.43562,0
552,3222,2561,2561,0,1,1,-0.5,4.83696,5.83696,0
1101,3493,3217,2942,0,1,1,-0.5,2.17257,3.17257,0
1813,5664,3741,3466,0,1,1,-1.22917,2.1241,3.1241,0
1340,3810,3268,3268,0,1,1,-1.22917,1.84328,2.84328,0
1089,3572,3017,3017,0,1,1,-1.22917,2.28007,3.28007,0
1050,3529,2978,2978,0,1,1,-1.22917,2.36095,3.36095,0
2680,5434,4608,4608,0,1,1,-1.22917,1.02761,2.02761,0
1355,4110,3283,3283,0,1,1,-1.22917,2.03321,3.03321,0
2229,6308,4157,4157,0,1,1,-1.22917,1.82997,2.82997,0
2252,6619,4455,4180,0,1,1,-1.22917,1.93917,2.93917,0
1007,3292,2741,2741,0,1,1,-1.22917,2.26912,3.26912,0
435,3490,2476,2476,0,1,1,-1.22917,7.02299,8.02299,0
886,4974,2843,2843,0,1,1,-1.22917,4.614,5.614,0
789,3551,3878,3850,0,1,1,-1.22917,3.50063,4.50063,0
1662,4126,3590,3315,0,1,1,-1.22917,1.48255,2.48255,0
2546,5165,4749,4474,0,1,1,-1.22917,1.02867,2.02867,0
1249,4279,3452,3177,0,1,1,-1.22917,2.42594,3.42594,0
1894,4356,4098,3822,0,1,1,-1.22917,1.29989,2.29989,0
1097,3567,3016,2741,0,1,1,-1.125,2.2516,3.2516,0
1651,4406,3593,3318,0,1,1,-1.125,1.66869,2.66869,0
1472,4048,3497,3497,0,1,1,-1.125,1.75,2.75,0
728,3319,3043,2768,0,1,1,-1.125,3.55907,4.55907,0
1042,3797,2990,2990,0,1,1,-1.125,2.64395,3.64395,0
4710,5283,6617,8180,0,1,1,-1.125,0.121656,1.12166,0
841,3332,2781,2781,0,1,1,-1.125,2.96195,3.96195,0
13244,14768,16145,7424,7,1,1,-1.125,0.115071,1.11507,1
3207,5855,5652,5652,0,1,1,-0.609375,0.825694,1.82569,0
1240,3698,3180,2905,0,1,1,-0.609375,1.98226,2.98226,0
2143,4360,4084,3809,0,1,1,-0.609375,1.03453,2.03453,0
2456,5152,4476,4476,0,1,1,-0.609375,1.09772,2.09772,0
3610,4711,4160,4160,0,0,0,-0.609375,0.304986,1.30499,0
8378,9499,10302,9101,7,1,0,-0.609375,0.133803,1.1338,1
3558,5290,7598,6645,7,1,1,-0.609375,0.48679,1.48679,1
9615,7571,7273,6935,2,0,0,-0.609375,0.212585,0.787415,0
2559,4434,4434,4159,0,1,1,-0.609375,0.732708,1.73271,0
1511,3390,3390,3115,0,1,1,-0.609375,1.24355,2.24355,0
2108,4333,4044,3769,0,1,1,-0.609375,1.0555,2.0555,0
2580,4673,4822,4547,0,1,1,-0.609375,0.81124,1.81124,0
3452,4807,7436,7665,6,1,0,-0.609375,0.392526,1.39253,0
473,2739,2554,2279,0,0,0,-0.609375,4.7907,5.7907,0
3839,5216,6593,5216,2,1,1,-0.609375,0.358687,1.35869,1
1833,4079,4107,5116,0,1,1,-0.609375,1.22531,2.22531,0
6601,6337,12493,7144,0,1,1,-0.84375,0.0399939,0.960006,0
4034,5687,7064,5411,2,1,0,-0.84375,0.409767,1.40977,0
2132,4191,4968,4033,6,1,0,-0.84375,0.96576,1.96576,0
7320,13318,14871,10386,0,0,0,-0.84375,0.819399,1.8194,0
1703,3631,4668,3356,0,1,1,-0.84375,1.13212,2.13212,1
1128,3065,3056,2781,0,1,1,-0.84375,1.7172,2.7172,0
1833,5093,5103,4981,0,1,1,-0.84375,1.77851,2.77851,0
1232,3173,3436,2885,0,1,1,-0.84375,1.57549,2.57549,0
1905,3393,3944,3119,0,1,1,-0.84375,0.781102,1.7811,0
19258,21895,27453,24803,7,0,0,-0.84375,0.13693,1.13693,0
2590,3954,4780,4229,0,1,1,-0.84375,0.526641,1.52664,0
3364,5887,5696,5696,0,1,1,-0.84375,0.75,1.75,0
2015,5509,6615,3309,0,1,1,-0.84375,1.734,2.734,1
1414,3345,3342,2791,0,1,1,-0.84375,1.36563,2.36563,0
9523,6379,8263,7206,0,0,0,-0.84375,0.330148,0.669852,1
1067,2992,3271,2720,0,1,1,-0.84375,1.80412,2.80412,0
861,2514,2789,2514,0,1,1,-1.5625,1.91986,2.91986,0
997,2925,3201,2650,0,1,1,-1.5625,1.9338,2.9338,0
1795,3723,3999,3448,0,1,1,-1.5625,1.07409,2.07409,0
1339,3267,3267,2992,0,1,1,-1.5625,1.43988,2.43988,0
868,2796,3072,2521,0,1,1,-1.5625,2.2212,3.2212,0
1622,3550,3826,3275,0,1,1,-1.5625,1.18866,2.18866,0
1399,3327,3603,3052,0,1,1,-1.5625,1.37813,2.37813,0
1564,3492,3768,3217,0,1,1,-1.5625,1.23274,2.23274,0
2214,4142,4418,3867,0,1,1,-1.5625,0.870822,1.87082,0
1067,2995,3271,2720,0,1,1,-1.5625,1.80694,2.80694,0
909,2856,3113,2562,0,1,1,-1.5625,2.14191,3.14191,0
837,2681,3041,2490,0,1,1,-1.5625,2.20311,3.20311,0
1564,3492,3768,3217,0,1,1,-1.5625,1.23274,2.23274,0
1478,3406,3682,3131,0,1,1,-1.5625,1.30447,2.30447,0
1047,2950,3251,2700,0,1,1,-1.5625,1.81757,2.81757,0
1296,3775,3500,2949,0,1,1,-1.5625,1.91281,2.91281,0
940,2868,3144,2593,0,1,1,-1.45833,2.05106,3.05106,0
977,2905,3181,2630,0,1,1,-1.45833,1.97339,2.97339,0
986,2914,3190,2639,0,1,1,-1.45833,1.95538,2.95538,0
1194,3122,3398,2847,0,1,1,-1.45833,1.61474,2.61474,0
1073,3001,3277,2726,0,1,1,-1.45833,1.79683,2.79683,0
1027,2946,3231,2680,0,1,1,-1.45833,1.86855,2.86855,0
1191,5040,3395,2844,0,1,1,-1.45833,3.23174,4.23174,0
23778,17736,16793,18296,6,0,0,-1.45833,0.2541,0.7459,0
529,3008,2733,2182,0,1,1,-1.45833,4.6862,5.6862,0
749,2677,2953,2402,0,1,1,-1.45833,2.5741,3.5741,0
527,2500,2731,2180,0,1,1,-1.45833,3.74383,4.74383,0
450,2929,2653,2378,0,1,1,-1.45833,5.50889,6.50889,0
3725,6990,6081,5530,0,1,1,-1.45833,0.87651,1.87651,0
19538,33251,20566,21953,5,1,0,-1.45833,0.701863,1.70186,0
964,3719,3168,2892,0,1,1,-1.45833,2.85788,3.85788,0
1389,3525,3593,2993,0,0,0,-1.45833,1.5378,2.5378,0
3362,6103,8409,6035,0,1,1,-0.895833,0.815289,1.81529,0
2747,4992,5268,4992,0,1,1,-0.895833,0.817255,1.81726,0
6916,9121,10222,9389,6,1,1,-0.895833,0.318826,1.31883,1
6901,8577,11010,10204,0,1,1,-0.895833,0.242863,1.24286,0
4347,5559,5559,5008,0,1,1,-0.895833,0.278813,1.27881,0
668,2875,2875,2324,0,1,1,-0.895833,3.30389,4.30389,0
8381,6080,6080,5804,0,0,0,-0.895833,0.27455,0.72545,0
977,3120,3181,2905,0,1,1,-0.895833,2.19345,3.19345,0
4287,6101,7726,6322,7,0,0,-0.895833,0.42314,1.42314,1
25425,11239,11799,9429,1,0,0,-0.895833,0.557955,0.442045,1
5941,7968,9620,8243,0,1,1,-0.895833,0.341188,1.34119,0
4796,6173,7569,6173,4,0,0,-0.895833,0.287114,1.28711,1
13662,14332,13266,15707,1,0,0,-0.895833,0.0490411,1.04904,0
1391,4381,3939,3552,0,0,0,-0.895833,2.14953,3.14953,0
14308,16786,17738,16912,4,1,0,-0.895833,0.17319,1.17319,0
864,5811,3329,3054,0,1,1,-0.895833,5.72569,6.72569,0
844,3599,3323,3048,0,1,1,-1.5,3.26422,4.26422,0
1082,4171,3286,3286,0,1,1,-1.5,2.8549,3.8549,0
1764,5611,4287,3968,0,1,1,-1.5,2.18084,3.18084,0
733,4024,3212,2937,0,1,1,-1.5,4.48977,5.48977,0
1773,3977,4527,3977,0,1,1,-1.5,1.24309,2.24309,0
1664,4419,4143,3868,0,1,1,-1.5,1.65565,2.65565,0
2050,4529,5079,3935,0,1,1,-1.5,1.20927,2.20927,0
1899,5218,4346,4071,0,1,1,-1.5,1.74776,2.74776,0
911,4221,3115,3115,0,1,1,-1.5,3.63337,4.63337,0
785,3518,3264,2989,0,1,1,-1.5,3.48153,4.48153,0
951,3601,3870,3876,0,1,1,-1.5,2.78654,3.78654,0
632,3313,3515,2761,0,1,1,-1.5,4.24209,5.24209,0
1667,4146,4421,3870,0,1,1,-1.5,1.4871,2.4871,0
1732,4487,4211,3936,0,1,1,-1.5,1.59065,2.59065,0
1871,4350,4350,4074,0,1,1,-1.5,1.32496,2.32496,0
2160,4915,4915,4639,0,1,1,-1.5,1.27546,2.27546,0
1269,3761,3734,3459,0,1,1,-1.1875,1.96375,2.96375,0
11330,13946,18041,13526,2,1,0,-1.1875,0.230891,1.23089,0
2185,4359,7617,4956,0,1,1,-1.1875,0.994966,1.99497,0
11995,8263,10296,22348,2,1,0,-1.1875,0.31113,0.68887,0
679,4300,2920,2644,0,1,1,-1.1875,5.33284,6.33284,0
11087,12432,11048,15193,2,1,0,-1.1875,0.121313,1.12131,0
760,3790,2964,2688,0,1,1,-1.1875,3.98684,4.98684,0
2961,6263,5194,4833,2,1,0,-1.1875,1.11516,2.11516,0
2793,5842,5016,4740,0,1,1,-0.109375,1.09166,2.09166,0
1508,6712,3776,3501,0,1,1,-0.109375,3.45093,4.45093,0
2600,5658,4832,4281,0,1,1,-0.109375,1.17615,2.17615,0
2371,5865,4557,4281,0,1,1,-0.109375,1.47364,2.47364,0
5183,7116,7203,6753,6,1,0,-0.109375,0.37295,1.37295,1
754,3509,2937,2639,0,1,1,-0.109375,3.65385,4.65385,1
11337,12714,12163,11887,7,0,0,-0.109375,0.121461,1.12146,0
917,5399,3396,3121,0,1,1,-0.109375,4.88768,5.88768,0
4061,6712,6712,6161,0,1,1,-0.109375,0.652795,1.65279,0
3962,6879,6552,6277,0,1,1,-0.109375,0.736244,1.73624,0
1594,4020,3745,3469,0,1,1,-0.109375,1.52196,2.52196,0
1905,6581,4059,3783,0,1,1,-0.109375,2.45459,3.45459,0
12938,13866,23129,3364,7,1,0,-0.109375,0.0717267,1.07173,0
1206,3895,3619,3068,0,1,1,-0.109375,2.22968,3.22968,0
15598,10102,15374,8376,7,1,1,-0.109375,0.352353,0.647647,1
1975,5184,8334,4951,0,1,1,-0.109375,1.62481,2.62481,0
2258,4865,4386,4589,0,1,1,-0.395833,1.15456,2.15456,0
7764,7541,9893,7997,0,1,1,-0.395833,0.0287223,0.971278,0
742,4432,3594,2425,0,1,1,-0.395833,4.97305,5.97305,1
16313,9090,12904,10742,1,1,1,-0.395833,0.442776,0.557224,1
2026,4780,4829,4671,7,0,0,-0.395833,1.35933,2.35933,0
1861,4631,4065,3514,0,1,1,-0.395833,1.48845,2.48845,0
4674,7010,9060,11290,1,1,1,-0.395833,0.499786,1.49979,1
2011,5316,4490,3939,0,1,1,-0.395833,1.64346,2.64346,0
1356,4947,3773,3255,0,1,1,-0.395833,2.64823,3.64823,0
7238,10492,11773,9505,0,0,0,-0.395833,0.449572,1.44957,0
3469,5799,11178,7322,0,1,1,-0.395833,0.671663,1.67166,0
1662,7317,4154,3879,0,1,1,-0.395833,3.40253,4.40253,0
10792,10914,11081,11758,4,1,1,-0.395833,0.0113047,1.0113,1
978,3329,3585,2744,0,1,1,-0.395833,2.40389,3.40389,0
4422,6350,6350,6564,2,1,1,-0.395833,0.436002,1.436,1
884,2730,3006,2455,0,1,1,-0.395833,2.08824,3.08824,0
876,3355,3080,2804,0,1,1,-0.864583,2.82991,3.82991,0
1976,4179,3904,3628,0,1,1,-0.864583,1.11488,2.11488,0
1093,3297,3297,2746,0,1,1,-0.864583,2.01647,3.01647,0
1398,3602,3602,3051,0,1,1,-0.864583,1.57654,2.57654,0
1072,3275,3000,2724,0,1,1,-0.864583,2.05504,3.05504,0
1468,4223,3672,3121,0,1,1,-0.864583,1.8767,2.8767,0
1051,3255,3255,2704,0,1,1,-0.864583,2.09705,3.09705,0
1017,3514,3220,2945,0,1,1,-0.864583,2.45526,3.45526,0
1002,3041,3041,2490,0,1,1,-0.864583,2.03493,3.03493,0
772,3445,3859,3011,0,1,1,-0.864583,3.46244,4.46244,0
342,3070,2548,2273,0,1,1,-0.864583,7.97661,8.97661,0
672,3652,3699,2858,0,1,1,-0.864583,4.43452,5.43452,0
649,3128,2853,2577,0,1,1,-0.864583,3.81972,4.81972,0
1723,6128,3927,3651,0,1,1,-0.864583,2.55659,3.55659,0
546,3025,2750,2474,0,1,1,-0.864583,4.54029,5.54029,0
1144,3603,3348,3072,0,1,1,-0.864583,2.14948,3.14948,0
593,3348,2797,2521,0,1,1,-1.30208,4.64587,5.64587,0
611,3090,2815,2539,0,1,1,-1.30208,4.05728,5.05728,0
657,3137,2861,2585,0,1,1,-1.30208,3.77473,4.77473,0
671,3150,2875,2599,0,1,1,-1.30208,3.69449,4.69449,0
1162,3641,3366,3090,0,1,1,-1.30208,2.13339,3.13339,0
1366,4070,3570,3019,0,1,1,-1.30208,1.9795,2.9795,0
1752,3956,3956,3405,0,1,1,-1.30208,1.25799,2.25799,0
1549,6205,4028,3477,0,1,1,-1.30208,3.00581,4.00581,0
683,3138,2887,2611,0,1,1,-1.30208,3.59444,4.59444,0
648,3127,2852,2576,0,1,1,-1.30208,3.82562,4.82562,0
596,3075,2800,2524,0,1,1,-1.30208,4.1594,5.1594,0
702,5360,2906,2630,0,1,1,-1.30208,6.63533,7.63533,0
835,3314,3039,2763,0,1,1,-1.30208,2.96886,3.96886,0
461,2940,2665,2389,0,1,1,-1.30208,5.37744,6.37744,0
648,3127,2852,2576,0,1,1,-1.30208,3.82562,4.82562,0
838,5227,3042,2766,0,1,1,-1.30208,5.23747,6.23747,0
10765,11500,11769,10671,1,1,0,-0.59375,0.0682768,1.06828,0
2836,5760,7888,4991,0,1,1,-0.59375,1.03103,2.03103,1
5759,5928,9116,6912,7,0,0,-0.59375,0.0293454,1.02935,0
4176,7243,9189,7060,0,1,1,-0.59375,0.734435,1.73443,0
19119,27115,31372,19257,0,1,1,-0.59375,0.418223,1.41822,0
978,5087,3484,2933,0,1,1,-0.59375,4.20143,5.20143,0
34245,36172,32137,33859,5,1,0,-0.59375,0.056271,1.05627,0
1564,3830,3761,3680,0,1,1,-0.59375,1.44885,2.44885,1
2787,4715,5291,3970,7,0,0,-0.59375,0.691783,1.69178,0
7483,5605,7312,5798,7,1,0,-0.59375,0.250969,0.749031,0
3020,3946,4359,3908,0,1,1,-0.59375,0.306623,1.30662,0
1981,4386,4053,3835,0,1,1,-0.59375,1.21403,2.21403,0
7728,11434,11072,11845,0,1,0,-0.59375,0.479555,1.47955,1
880,3880,2807,2531,0,0,0,-0.59375,3.40909,4.40909,0
4640,5769,8917,8348,0,1,1,-0.59375,0.243319,1.24332,1
494,4888,2725,2161,5,1,1,-0.59375,8.89474,9.89474,1
3708,6064,5874,5323,0,1,1,-0.885417,0.635383,1.63538,0
817,3021,3021,2745,0,1,1,-0.885417,2.69767,3.69767,0
689,3735,2926,2646,0,1,1,-0.885417,4.4209,5.4209,0
843,3065,3065,2789,0,1,1,-0.885417,2.63582,3.63582,0
1553,3757,3757,3481,0,1,1,-0.885417,1.41919,2.41919,0
3790,5994,5994,5718,0,1,1,-0.885417,0.58153,1.58153,0
2618,4822,4822,4546,0,1,1,-0.885417,0.841864,1.84186,0
3550,5754,5754,5203,0,1,1,-0.885417,0.620845,1.62085,0
3144,5437,5184,4633,0,1,1,-0.885417,0.729326,1.72933,0
705,4272,2902,2626,0,1,1,-0.885417,5.05957,6.05957,0
558,2762,2762,2476,0,1,1,-0.885417,3.94982,4.94982,0
537,2741,2741,2190,0,1,1,-0.885417,4.10428,5.10428,0
1255,3459,3459,3183,0,1,1,-0.885417,1.75618,2.75618,0
1181,3385,3385,3109,0,1,1,-0.885417,1.86622,2.86622,0
1171,4201,3373,2822,0,1,1,-0.885417,2.58753,3.58753,0
746,3225,3225,2674,0,1,1,-0.885417,3.32306,4.32306,0
3757,6236,5960,5685,0,1,1,-1.2,0.659835,1.65983,0
3681,5885,5885,5609,0,1,1,-1.2,0.59875,1.59875,0
1897,4376,4100,3825,0,1,1,-1.2,1.3068,2.3068,0
2898,7528,5102,4826,0,1,1,-1.2,1.59765,2.59765,0
884,5486,3088,2812,0,1,1,-1.2,5.20588,6.20588,0
1227,5917,3431,3155,0,1,1,-1.2,3.82233,4.82233,0
1132,5846,3345,2794,0,1,1,-1.2,4.16431,5.16431,0
1979,6630,4458,3907,0,1,1,-1.2,2.35018,3.35018,0
828,5473,3036,2761,0,1,1,0,5.6099,6.6099,0
1069,4290,3287,2736,0,1,1,0,3.0131,4.0131,0
2009,4173,4173,3897,0,1,1,0,1.07715,2.07715,0
775,3290,3014,2739,0,1,1,0,3.24516,4.24516,0
5999,11042,11414,8949,7,1,0,0,0.84064,1.84064,0
3572,6815,7624,8942,0,1,1,0,0.907895,1.90789,0
5033,7858,8339,7307,2,1,0,0,0.561295,1.5613,0
1278,3775,3471,3227,5,1,0,0,1.95383,2.95383,0
667,2872,2596,2321,0,1,1,0,3.30585,4.30585,0
685,2885,2609,2058,0,1,1,0,3.21168,4.21168,0
4079,7552,9480,10129,0,1,1,0,0.851434,1.85143,0
4886,8799,6940,6664,0,1,1,0,0.80086,1.80086,0
4502,6829,4318,3767,0,0,0,-0.3125,0.516881,1.51688,0
2036,6016,5047,3500,7,1,0,-0.3125,1.95481,2.95481,0
541,3544,2453,2172,0,1,1,-0.3125,5.55083,6.55083,0
3478,5682,5406,4855,0,1,1,-0.3125,0.633698,1.6337,0
3573,5777,5226,5420,0,1,1,-0.3125,0.616849,1.61685,1
463,4017,2391,2103,0,1,1,-0.3125,7.67603,8.67603,1
16502,11521,11949,11835,1,0,0,-0.3125,0.301842,0.698158,0
2592,4111,3560,3836,0,1,1,-0.3125,0.586034,1.58603,0
3453,7293,6090,5061,7,0,0,-0.3125,1.11208,2.11208,0
17332,15632,13753,11696,4,1,0,-0.3125,0.0980845,0.901916,0
18538,9503,10552,18548,7,0,0,-0.3125,0.487377,0.512623,0
779,3507,2978,2693,0,1,1,-0.65625,3.50193,4.50193,0
1084,3521,3012,2737,0,1,1,-0.65625,2.24815,3.24815,0
491,3521,2419,2144,0,1,1,-0.65625,6.17108,7.17108,0
625,3095,2553,2278,0,1,1,-0.65625,3.952,4.952,0
850,4155,2778,2503,0,1,1,-0.65625,3.88824,4.88824,0
1071,4376,3274,2999,0,1,1,-0.65625,3.0859,4.0859,0
2782,5485,4986,4435,0,1,1,-0.65625,0.971603,1.9716,0
2583,5888,5330,5014,0,1,1,-0.65625,1.27952,2.27952,0
914,4467,2997,2721,6,0,0,-0.65625,3.88731,4.88731,0
422,3727,2350,2075,0,1,1,-0.65625,7.83175,8.83175,0
690,3995,3395,2343,0,1,1,-0.65625,4.78986,5.78986,0
739,3367,3380,3105,0,1,1,-0.65625,3.55616,4.55616,0
2010,4644,4214,3663,0,1,1,-0.78125,1.31045,2.31045,0
984,5911,2912,2637,0,1,1,-0.78125,5.00711,6.00711,0
636,5576,2839,2564,0,1,1,-0.78125,7.7673,8.7673,0
894,4199,2822,2547,0,1,1,-0.78125,3.69687,4.69687,0
1388,4143,3316,3041,0,1,1,-0.78125,1.98487,2.98487,0
941,3600,3144,3324,0,1,1,-0.78125,2.82572,3.82572,0
1118,3790,3046,3520,0,1,1,-0.78125,2.38998,3.38998,0
720,3660,2923,2648,0,1,1,-0.78125,4.08333,5.08333,0
444,5428,2647,2372,0,1,1,-0.78125,11.2252,12.2252,0
710,3462,2638,2363,0,1,1,-0.78125,3.87606,4.87606,0
418,3998,2621,2346,0,1,1,-0.78125,8.56459,9.56459,0
823,4403,3026,2751,0,1,1,-0.78125,4.34994,5.34994,0
3419,7640,6041,6561,0,1,1,-0.75,1.23457,2.23457,0
3784,6987,5869,5098,6,1,0,-0.75,0.846459,1.84646,0
754,4334,2682,2406,0,1,1,-0.75,4.74801,5.74801,0
1572,4877,3500,3225,0,1,1,-0.75,2.10242,3.10242,0
3859,6484,5657,5382,0,1,1,-0.75,0.680228,1.68023,0
1310,4100,3273,2998,0,1,1,-0.75,2.12977,3.12977,0
2577,6157,4780,4229,0,1,1,-0.75,1.38921,2.38921,0
1770,5351,3698,3423,0,1,1,-0.75,2.02316,3.02316,0
965,4583,3168,2617,0,1,1,-0.75,3.74922,4.74922,0
1093,4057,3296,3021,0,1,1,-0.75,2.7118,3.7118,0
1940,5521,4747,4001,0,1,1,-0.75,1.84588,2.84588,0
1150,6190,3390,2839,0,1,1,-0.75,4.38261,5.38261,0
704,4517,2983,2708,0,1,1,-0.53125,5.41619,6.41619,0
1301,4263,3363,2812,0,1,1,-0.53125,2.27671,3.27671,0
1218,5074,3421,3146,0,1,1,-0.53125,3.16585,4.16585,0
701,4557,3180,2629,0,1,1,-0.53125,5.50071,6.50071,0
918,4499,3122,2571,0,1,1,-0.53125,3.90087,4.90087,0
677,3909,2880,3638,0,1,1,-0.53125,4.774,5.774,0
491,4347,2970,2419,0,1,1,-0.53125,7.85336,8.85336,0
3535,7116,5739,5463,0,1,1,-0.53125,1.01301,2.01301,0
703,4052,2950,2675,0,1,1,-0.53125,4.76387,5.76387,0
738,6112,3285,2734,0,1,1,-0.53125,7.28184,8.28184,0
630,3666,2840,2564,0,1,1,-0.53125,4.81905,5.81905,0
541,3878,2776,2501,0,1,1,-0.53125,6.16821,7.16821,0
621,6087,3100,2549,0,1,1,-0.9,8.80193,9.80193,0
1007,6204,3211,2935,0,1,1,-0.9,5.16087,6.16087,0
594,4450,2797,2522,0,1,1,-0.9,6.49158,7.49158,0
621,3899,3100,2549,0,1,1,-0.9,5.27858,6.27858,0
1319,4641,3540,3264,0,1,1,-0.9,2.51857,3.51857,0
17146,13847,12745,12469,7,1,0,-0.9,0.192406,0.807594,0
1283,7550,6854,6157,0,1,1,-1.09375,4.88465,5.88465,0
466,6721,6025,6025,0,1,1,-1.09375,13.4227,14.4227,0
478,6745,6049,5352,0,1,1,-1.09375,13.1109,14.1109,0
453,6709,6013,6013,0,1,1,-1.09375,13.8102,14.8102,0
949,7895,6549,6549,0,1,1,-1.09375,7.31928,8.31928,0
1154,7332,6636,5939,0,1,1,-1.09375,5.35355,6.35355,0
948,7910,6552,6552,0,1,1,-1.09375,7.34388,8.34388,0
1378,11115,6336,6336,0,1,1,-1.09375,7.06604,8.06604,0
979,7246,6550,5853,0,1,1,-1.09375,6.40143,7.40143,0
2478,8745,8049,8049,0,1,1,-1.09375,2.52906,3.52906,0
2062,8975,7810,7113,0,1,1,-1.09375,3.35257,4.35257,0
1569,11998,7140,7140,0,1,1,-1.09375,6.64691,7.64691,0
2713,10125,8262,8262,0,1,1,-1.09375,2.73203,3.73203,0
1189,8167,6187,6187,0,1,1,-1.09375,5.8688,6.8688,0
1120,11567,6681,5984,0,1,1,-1.09375,9.32768,10.3277,0
5694,12704,16469,16129,0,1,1,-1.09375,1.23112,2.23112,0
1455,7610,6234,5537,0,1,1,-0.8125,4.23024,5.23024,0
1025,7286,5893,5893,0,1,1,-0.8125,6.10829,7.10829,0
3048,9751,11414,10313,0,1,1,-0.8125,2.19915,3.19915,0
4521,11748,14663,16831,0,1,1,-0.8125,1.59854,2.59854,0
1409,7655,6263,6263,0,1,1,-0.8125,4.43293,5.43293,0
943,7213,6517,5820,0,1,1,-0.8125,6.64899,7.64899,0
1632,8415,7121,6425,0,1,1,-0.8125,4.15625,5.15625,0
1647,8743,7252,6556,0,1,1,-0.8125,4.30844,5.30844,0
4102,9706,12041,11320,0,1,1,-0.8125,1.36616,2.36616,0
1948,8490,11275,11275,0,1,1,-0.8125,3.35832,4.35832,0
5330,10516,10475,10516,0,1,1,-0.8125,0.972983,1.97298,0
1631,9453,10533,11187,0,1,1,-0.8125,4.79583,5.79583,0
1162,8567,7242,8223,0,1,1,-0.8125,6.37263,7.37263,0
2358,8625,7233,7233,0,1,1,-0.8125,2.65776,3.65776,0
984,8688,8681,6077,0,1,1,-0.8125,7.82927,8.82927,0
804,7767,6375,5678,0,1,1,-0.8125,8.66045,9.66045,0
1329,7596,6204,5507,0,1,1,-1.20833,4.71558,5.71558,0
961,7924,5835,5835,0,1,1,-1.20833,7.24558,8.24558,0
1191,7458,6066,5369,0,1,1,-1.20833,5.26196,6.26196,0
1478,7745,6353,6353,0,1,1,-1.20833,4.24019,5.24019,0
848,7811,5722,5722,0,1,1,-1.20833,8.21108,9.21108,0
2844,9111,7719,7022,0,1,1,-1.20833,2.20359,3.20359,0
1655,7922,6530,6530,0,1,1,-1.20833,3.78671,4.78671,0
2080,9043,7651,6954,0,1,1,-1.20833,3.3476,4.3476,0
1795,8062,6670,5973,0,1,1,-1.20833,3.49136,4.49136,0
1539,7806,6414,6414,0,1,1,-1.20833,4.07212,5.07212,0
256,7219,5827,5130,0,1,1,-1.20833,27.1992,28.1992,0
1285,7552,6160,5463,0,1,1,-1.20833,4.87704,5.87704,0
1531,7798,6406,6406,0,1,1,-1.20833,4.0934,5.0934,0
1352,8315,6923,6226,0,1,1,-1.20833,5.15015,6.15015,0
848,7811,6419,5722,0,1,1,-1.20833,8.21108,9.21108,0
2735,9699,7610,7610,0,1,1,-1.20833,2.54625,3.54625,0
1888,8851,7459,6762,0,1,1,-1.22917,3.68803,4.68803,0
3173,9440,8048,7351,0,1,1,-1.22917,1.9751,2.9751,0
570,7533,5444,5444,0,1,1,-1.22917,12.2158,13.2158,0
753,7716,6324,5627,0,1,1,-1.22917,9.24701,10.247,0
2685,8952,7560,6863,0,1,1,-1.22917,2.33408,3.33408,0
1788,8751,7359,6662,0,1,1,-1.22917,3.8943,4.8943,0
1063,7330,5938,5241,0,1,1,-1.22917,5.89558,6.89558,0
1041,7486,8851,8168,0,1,1,-1.22917,6.19116,7.19116,0
260,7223,5134,5134,0,1,1,-1.22917,26.7808,27.7808,0
832,7795,6403,5706,0,1,1,-1.22917,8.36899,9.36899,0
1475,7742,6350,6350,0,1,1,-1.22917,4.24881,5.24881,0
1324,8287,6895,6198,0,1,1,-1.22917,5.25906,6.25906,0
449,7412,6020,5323,0,1,1,-1.22917,15.5078,16.5078,0
992,8638,5867,5867,0,1,1,-1.22917,7.70766,8.70766,0
1238,8201,6809,6112,0,1,1,-1.22917,5.62439,6.62439,0
690,7658,6266,5569,0,1,1,-1.22917,10.0986,11.0986,0
1433,7679,6286,6286,0,1,1,-1.0625,4.35869,5.35869,0
2700,9659,7602,6905,0,1,1,-1.0625,2.57741,3.57741,0
2221,8421,7029,6332,0,1,1,-1.0625,2.79154,3.79154,0
404,8045,5946,5249,0,1,1,-1.0625,18.9134,19.9134,0
2338,8611,7219,6522,0,1,1,-1.0625,2.68306,3.68306,0
1330,8975,6217,6217,0,1,1,-1.0625,5.74812,6.74812,0
627,8266,6200,5503,0,1,1,-1.0625,12.1834,13.1834,0
1934,8195,6803,6106,0,1,1,-1.0625,3.23733,4.23733,0
4090,8609,7217,6520,0,1,1,-1.0625,1.10489,2.10489,0
3344,9721,13203,13203,0,1,1,-1.0625,1.907,2.907,0
2069,8224,6832,6135,0,1,1,-1.0625,2.97487,3.97487,0
5966,10283,13068,10980,0,1,1,-1.0625,0.7236,1.7236,0
1186,8149,6757,6060,0,1,1,-1.0625,5.87099,6.87099,0
861,7811,6419,5722,0,1,1,-1.0625,8.07201,9.07201,0
1289,8929,6916,6220,0,1,1,-1.0625,5.92708,6.92708,0
1084,8751,6681,5984,0,1,1,-1.0625,7.07288,8.07288,0
2281,9208,7240,6543,0,1,1,-1.22917,3.03683,4.03683,0
1302,8396,6307,6307,0,1,1,-1.22917,5.44854,6.44854,0
910,7873,6446,5749,0,1,1,-1.22917,7.65165,8.65165,0
1786,8057,6665,6665,0,1,1,-1.22917,3.5112,4.5112,0
3586,10171,10341,9515,0,1,1,-1.22917,1.83631,2.83631,0
1139,8099,6707,6010,0,1,1,-1.22917,6.11062,7.11062,0
2890,9856,7841,7144,0,1,1,-1.22917,2.41038,3.41038,0
2203,8954,7562,6865,0,1,1,-1.22917,3.06446,4.06446,0
1303,8963,6894,6198,0,1,1,-1.22917,5.87874,6.87874,0
457,8116,6054,5357,0,1,1,-1.22917,16.7593,17.7593,0
1548,8512,7117,6421,0,1,1,-1.22917,4.49871,5.49871,0
792,7752,6360,5663,0,1,1,-1.22917,8.78788,9.78788,0
1354,8285,6893,6196,0,1,1,-1.22917,5.11891,6.11891,0
3170,10025,8632,7936,0,1,1,-1.22917,2.16246,3.16246,0
1309,8070,6678,5981,0,1,1,-1.22917,5.16501,6.16501,0
2438,9290,7279,7279,0,1,1,-1.22917,2.8105,3.8105,0
1471,7729,6337,6337,0,1,1,-1.02083,4.25425,5.25425,0
1361,8338,6946,6249,0,1,1,-1.02083,5.12638,6.12638,0
1867,8222,6830,6830,0,1,1,-1.02083,3.40386,4.40386,0
662,7711,6319,5622,0,1,1,-1.02083,10.648,11.648,0
861,8521,6450,5753,0,1,1,-1.02083,8.89663,9.89663,0
8586,13434,18898,18898,0,1,1,-1.02083,0.56464,1.56464,0
528,7503,6111,5414,0,1,1,-1.02083,13.2102,14.2102,0
3204,13995,12603,12603,0,1,1,-1.02083,3.36798,4.36798,0
3337,14307,9174,8477,0,1,1,-0.890625,3.28738,4.28738,0
1718,12136,6609,6609,0,1,1,-0.890625,6.06403,7.06403,0
1912,8888,7496,6799,0,1,1,-0.890625,3.64854,4.64854,0
3086,13352,7943,7943,0,1,1,-0.890625,3.32664,4.32664,0
2355,8656,7264,7264,0,1,1,-0.890625,2.67558,3.67558,0
4723,8547,11332,8535,0,1,1,-0.890625,0.809655,1.80965,0
5023,14360,15124,18617,0,1,1,-0.890625,1.85885,2.85885,1
1902,10893,10850,9109,0,1,1,-0.890625,4.72713,5.72713,0
2988,9896,8503,7807,0,1,1,-0.890625,2.31191,3.31191,0
1177,8108,6716,6716,0,1,1,-0.890625,5.8887,6.8887,0
2458,10126,8037,7341,0,1,1,-0.890625,3.11961,4.11961,0
2329,13286,8132,8132,0,1,1,-0.890625,4.70459,5.70459,0
4162,8339,10428,8339,2,0,0,-0.890625,1.0036,2.0036,0
875,7113,5742,5045,0,1,1,-0.890625,7.12914,8.12914,0
4616,14152,17882,12683,2,1,0,-0.890625,2.06586,3.06586,0
1465,7831,6439,5742,0,1,1,-0.890625,4.34539,5.34539,0
6907,14566,16402,16705,0,1,1,-1.07292,1.10888,2.10888,0
2650,9843,12016,9827,0,1,1,-1.07292,2.71434,3.71434,0
3865,9068,12402,11601,0,1,1,-1.07292,1.34618,2.34618,0
4621,9694,12479,11913,0,1,1,-1.07292,1.09781,2.09781,0
1134,8228,7532,8296,0,1,1,-1.07292,6.25573,7.25573,0
1565,7146,6450,5753,0,1,1,-1.07292,3.56613,4.56613,0
1360,11981,11657,11437,0,1,1,-1.07292,7.80956,8.80956,0
959,7236,6540,5843,0,1,1,-1.07292,6.54536,7.54536,0
532,8264,8311,7604,0,1,1,-1.07292,14.5338,15.5338,0
6710,12359,18147,13998,0,1,1,-1.07292,0.841878,1.84188,0
1756,8569,8866,6358,0,1,1,-1.07292,3.87984,4.87984,0
4364,16179,11693,13085,0,1,1,-1.07292,2.70738,3.70738,0
4162,11875,11404,13265,0,1,1,-1.07292,1.8532,2.8532,1
1781,7358,6662,5965,0,1,1,-1.07292,3.13139,4.13139,0
4471,12134,9041,10427,0,1,1,-1.07292,1.71393,2.71393,0
1525,7094,6398,5701,0,1,1,-1.07292,3.6518,4.6518,0
596,6863,5470,4774,0,1,1,-2,10.5151,11.5151,0
1389,7656,6264,5567,0,1,1,-2,4.51188,5.51188,0
1541,7808,6415,6415,0,1,1,-2,4.06684,5.06684,0
1731,7998,6606,5909,0,1,1,-2,3.62045,4.62045,0
1329,7596,6204,5507,0,1,1,-2,4.71558,5.71558,0
1308,7575,6182,5486,0,1,1,-2,4.79128,5.79128,0
1172,8135,6743,6046,0,1,1,-2,5.94113,6.94113,0
1990,8257,6865,6168,0,1,1,-2,3.14925,4.14925,0
1954,8221,6828,6828,0,1,1,-2,3.20727,4.20727,0
1539,7806,6414,5717,0,1,1,-2,4.07212,5.07212,0
643,8282,5517,5517,0,1,1,-2,11.8802,12.8802,0
1228,7449,6057,5360,0,1,1,-2,5.06596,6.06596,0
2047,8314,6922,6225,0,1,1,-2,3.06155,4.06155,0
1293,7560,6167,5471,0,1,1,-2,4.84687,5.84687,0
756,7719,6327,5630,0,1,1,-2,9.21032,10.2103,0
1748,9403,6647,5950,0,1,1,-2,4.37929,5.37929,0
1362,7629,6237,5540,0,1,1,-1.46875,4.60132,5.60132,0
686,7649,6257,5560,0,1,1,-1.46875,10.1501,11.1501,0
1438,7705,6313,5616,0,1,1,-1.46875,4.35814,5.35814,0
957,7920,6528,5831,0,1,1,-1.46875,7.27586,8.27586,0
725,7688,6296,5599,0,1,1,-1.46875,9.60414,10.6041,0
1444,7711,6319,5622,0,1,1,-1.46875,4.34003,5.34003,0
1304,8906,6938,6241,0,1,1,-1.46875,5.82975,6.82975,0
9960,14923,15773,20166,2,1,1,-1.46875,0.498293,1.49829,1
959,8619,6537,5841,0,1,1,-1.46875,7.98749,8.98749,0
455,7423,6031,5334,0,1,1,-1.46875,15.3143,16.3143,0
257,8610,5872,5872,0,1,1,-1.46875,32.5019,33.5019,0
1212,8176,6783,6087,0,1,1,-1.46875,5.74587,6.74587,0
2095,9676,11120,7851,0,1,1,-1.46875,3.61862,4.61862,0
10559,22136,21709,20876,0,1,1,-1.46875,1.09641,2.09641,0
708,11838,6977,6281,0,1,1,-1.46875,15.7203,16.7203,0
1814,8778,7385,6689,0,1,1,-1.46875,3.83903,4.83903,0
4359,9016,12890,7409,0,1,1,-1.23958,1.06836,2.06836,0
3053,9351,7959,7262,0,1,1,-1.23958,2.06289,3.06289,0
8523,12878,16555,10621,0,1,1,-1.23958,0.51097,1.51097,0
18284,25656,21430,20663,0,1,1,-1.23958,0.403194,1.40319,0
4174,11539,9013,8316,0,1,1,-1.23958,1.76449,2.76449,0
445,8065,5318,4622,0,1,1,-1.23958,17.1236,18.1236,0
16354,23143,21168,20471,0,1,1,-1.23958,0.415128,1.41513,0
1484,7674,5667,4971,0,1,1,-1.23958,4.17116,5.17116,0
4282,12183,13425,9944,2,1,0,-1.23958,1.84517,2.84517,0
4563,14721,15145,13670,5,1,1,-1.23958,2.22617,3.22617,1
5238,10005,12790,9309,0,1,1,-1.23958,0.91008,1.91008,0
3579,9802,8410,7538,4,1,0,-1.23958,1.73875,2.73875,0
12195,18845,21048,18149,0,1,1,-1.23958,0.545305,1.54531,0
1029,8684,5919,5223,0,1,1,-1.23958,7.43926,8.43926,0
19592,24239,32532,31202,4,1,0,-1.23958,0.237189,1.23719,0
1262,8186,5459,4763,0,1,1,-1.23958,5.48653,6.48653,0
1350,7617,5524,4828,0,1,1,-1.61458,4.64222,5.64222,0
1467,7734,4961,4961,0,1,1,-1.61458,4.27198,5.27198,0
1158,11244,5460,4764,0,1,1,-1.61458,8.70984,9.70984,0
1155,8119,5340,4644,0,1,1,-1.61458,6.02944,7.02944,0
1620,7861,5432,7109,0,1,1,-1.61458,3.85247,4.85247,0
1496,8365,5841,5145,0,1,1,-1.61458,4.59158,5.59158,0
2200,9138,6716,7622,0,1,1,-1.61458,3.15364,4.15364,0
1450,8482,5703,5703,0,1,1,-1.61458,4.84966,5.84966,0
678,8277,4874,4148,0,1,1,-1.61458,11.208,12.208,0
1202,8161,5390,4694,0,1,1,-1.61458,5.78952,6.78952,0
542,7525,4739,4739,0,1,1,-1.61458,12.8838,13.8838,0
1032,8690,5216,4520,0,1,1,-1.61458,7.42054,8.42054,0
1945,8701,9397,9397,0,1,1,-1.61458,3.47352,4.47352,0
1844,8435,9828,9828,0,1,1,-1.61458,3.5743,4.5743,0
2205,8916,9612,9612,0,1,1,-1.61458,3.04354,4.04354,0
2097,8913,10306,8217,0,1,1,-1.61458,3.25036,4.25036,0
1637,7869,5780,5084,0,1,1,-1.15,3.80696,4.80696,0
31475,15796,19974,20090,0,0,0,-1.15,0.498141,0.501859,0
2739,8583,12488,9291,0,1,1,-1.15,2.13363,3.13363,0
2541,8112,6719,6023,6,0,0,-1.15,2.19244,3.19244,0
1109,8066,5319,4623,0,1,1,-1.15,6.27322,7.27322,0
3675,8549,11334,7157,2,1,0,-1.15,1.32626,2.32626,1
1149,7416,5327,4631,0,1,1,-1.15,5.45431,6.45431,0
3151,9981,7892,7196,0,1,1,-1.15,2.16757,3.16757,0
2416,8746,6657,5961,0,1,1,-0.53125,2.62003,3.62003,0
2225,8556,6467,5771,0,1,1,-0.53125,2.84539,3.84539,0
3007,9301,7212,6516,0,1,1,-0.53125,2.09312,3.09312,0
2715,9679,6874,6178,0,1,1,-0.53125,2.56501,3.56501,0
5292,10426,10370,9034,2,1,0,-0.53125,0.970144,1.97014,0
1088,8066,5291,4595,0,1,1,-0.53125,6.4136,7.4136,0
6343,8387,5602,4906,0,1,1,-0.53125,0.322245,1.32224,0
1098,9384,5316,4620,0,1,1,-0.53125,7.54645,8.54645,0
4608,11041,8952,8256,0,1,1,-0.53125,1.39605,2.39605,0
3677,11334,7973,7277,0,1,1,-0.53125,2.0824,3.0824,0
1365,8271,5486,4790,0,1,1,-0.53125,5.05934,6.05934,0
2308,13455,6430,5734,0,1,1,-0.53125,4.82972,5.82972,0
5699,10573,7788,7023,0,0,0,-0.53125,0.855238,1.85524,0
1015,7948,5317,4621,0,1,1,-0.53125,6.83054,7.83054,0
7375,19386,28816,12272,7,1,0,-0.53125,1.62861,2.62861,0
2007,7291,5898,5202,0,1,1,-0.53125,2.63279,3.63279,0
1568,9305,5780,5084,0,1,1,-0.71875,4.93431,5.93431,0
9263,13359,19584,11773,0,1,1,-0.71875,0.442189,1.44219,0
1040,6598,5205,4509,0,1,1,-0.71875,5.34423,6.34423,0
3439,11273,10778,10082,0,1,1,-0.71875,2.27799,3.27799,0
3676,11513,8335,7290,0,1,1,-0.71875,2.13194,3.13194,0
2223,8491,6419,5723,0,1,1,-0.71875,2.81961,3.81961,0
2646,9654,11646,9003,0,1,1,-0.71875,2.64853,3.64853,0
3065,9330,7237,6540,6,1,0,-0.71875,2.04405,3.04405,0
1707,11918,5989,4597,0,1,1,-0.71875,5.98184,6.98184,0
1522,7264,5871,4479,0,1,1,-0.71875,3.77267,4.77267,0
1573,7157,5068,4372,0,1,1,-0.71875,3.5499,4.5499,0
956,7260,5171,4475,0,1,1,-0.71875,6.59414,7.59414,0
6507,12809,17181,15435,0,1,1,-0.71875,0.968495,1.9685,0
1451,12117,12968,6733,0,1,1,-0.71875,7.35079,8.35079,0
2370,9517,8178,6082,0,1,1,-0.71875,3.01561,4.01561,0
1754,9577,5864,5177,0,1,1,-0.71875,4.46009,5.46009,0
1308,6879,4790,4094,0,1,1,-1.5625,4.25917,5.25917,0
2144,7715,5626,4930,0,1,1,-1.5625,2.59841,3.59841,0
844,7111,5022,4326,0,1,1,-1.5625,7.42536,8.42536,0
1762,8029,5940,5244,0,1,1,-1.5625,3.55675,4.55675,0
1277,6848,4759,4063,0,1,1,-1.5625,4.36257,5.36257,0
1215,7482,5393,4697,0,1,1,-1.5625,5.15802,6.15802,0
1465,7732,5643,4947,0,1,1,-1.5625,4.27782,5.27782,0
1788,8055,5966,4574,0,1,1,-1.5625,3.50503,4.50503,0
706,7640,4991,4295,0,1,1,-1.5625,9.82153,10.8215,0
1260,8904,5452,4756,0,1,1,-1.5625,6.06667,7.06667,0
1012,8653,5185,3793,0,1,1,-1.5625,7.5504,8.5504,0
419,7999,4747,4051,0,1,1,-1.5625,18.0907,19.0907,0
1107,9463,5295,4599,0,1,1,-1.5625,7.54833,8.54833,0
2196,8480,7881,7088,0,1,1,-1.5625,2.86157,3.86157,0
969,7236,5147,4451,0,1,1,-1.5625,6.46749,7.46749,0
2033,8445,5844,5148,0,1,1,-1.5625,3.15396,4.15396,0
1013,7977,4535,3839,0,1,1,-1.61458,6.87463,7.87463,0
1091,6662,4573,3877,0,1,1,-1.61458,5.10632,6.10632,0
362,8022,4547,3851,0,1,1,-1.61458,21.1602,22.1602,0
1091,7358,5269,4573,0,1,1,-1.61458,5.74427,6.74427,0
1623,7194,5105,4409,0,1,1,-1.61458,3.43253,4.43253,0
1150,8128,5342,4646,0,1,1,-1.61458,6.06783,7.06783,0
2108,8375,6286,5590,0,1,1,-1.61458,2.97296,3.97296,0
2258,9153,6413,5717,0,1,1,-1.61458,3.05359,4.05359,0
411,6656,4567,3871,0,1,1,-1.61458,15.1946,16.1946,0
1089,7356,5267,4571,0,1,1,-1.61458,5.75482,6.75482,0
1047,7314,5225,4529,0,1,1,-1.61458,5.98567,6.98567,0
1101,7368,5279,3887,0,1,1,-1.61458,5.6921,6.6921,0
1251,7518,5429,4733,0,1,1,-1.61458,5.00959,6.00959,0
900,11345,5076,4380,0,1,1,-1.61458,11.6056,12.6056,0
1100,7367,5278,3886,0,1,1,-1.61458,5.69727,6.69727,0
571,6846,4757,4061,0,1,1,-1.61458,10.9895,11.9895,0
3976,10815,8385,6993,0,1,1,-0.958333,1.72007,2.72007,0
2902,9062,9759,8850,0,1,1,-0.958333,2.12267,3.12267,0
4772,10400,12839,8243,0,1,1,-0.958333,1.17938,2.17938,0
3845,9775,9028,8444,0,1,1,-0.958333,1.54226,2.54226,0
15917,29680,22489,21793,0,1,1,-0.958333,0.864673,1.86467,0
1371,8978,5564,4172,0,1,1,-0.958333,5.5485,6.5485,0
33560,28528,30664,28528,4,1,0,-0.958333,0.14994,0.85006,0
2348,8478,5966,5241,0,1,1,-0.958333,2.61073,3.61073,0
2421,7945,5856,5160,0,1,1,-0.958333,2.2817,3.2817,0
2415,9613,7422,10112,0,1,1,-0.958333,2.98054,3.98054,0
2525,8119,6030,5334,0,1,1,-0.958333,2.21545,3.21545,0
2097,12406,5642,4946,0,1,1,-0.958333,4.91607,5.91607,0
6402,15252,18181,15054,0,1,1,-0.958333,1.38238,2.38238,0
987,12085,5164,4486,0,1,1,-0.958333,11.2442,12.2442,0
4267,10468,9160,9299,0,1,1,-0.958333,1.45325,2.45325,0
926,8577,4438,3742,0,1,1,-0.958333,8.26242,9.26242,0
3936,9500,7411,6715,0,1,1,-1.10417,1.41362,2.41362,0
1229,8902,4728,4032,0,1,1,-1.10417,6.24329,7.24329,0
1200,11648,4682,3986,0,1,1,-1.10417,8.70667,9.70667,0
1421,6992,4903,4207,0,1,1,-1.10417,3.92048,4.92048,0
3411,8285,6196,5500,0,1,1,-1.10417,1.42891,2.42891,0
4440,10707,8618,7922,0,1,1,-1.10417,1.41149,2.41149,0
3178,9032,6943,6247,0,1,1,-1.10417,1.84204,2.84204,0
3872,10139,8050,7354,0,1,1,-1.10417,1.61854,2.61854,0
3453,9607,7518,6822,0,1,1,-1.10417,1.78222,2.78222,0
1093,7360,5271,4575,0,1,1,-1.10417,5.73376,6.73376,0
981,7248,5159,4463,0,1,1,-1.10417,6.38838,7.38838,0
930,12048,5108,4412,0,1,1,-1.10417,11.9548,12.9548,0
1926,7899,5810,5114,0,1,1,-1.10417,3.10125,4.10125,0
1518,9133,5799,5103,0,1,1,-1.10417,5.01647,6.01647,0
1788,7944,5855,5159,0,1,1,-1.10417,3.44295,4.44295,0
1439,7706,5617,4921,0,1,1,-1.10417,4.35511,5.35511,0
4396,10663,8574,7878,0,1,1,-1.2375,1.42561,2.42561,0
4078,10345,8256,7560,0,1,1,-1.2375,1.53678,2.53678,0
2613,8880,6791,6095,0,1,1,-1.2375,2.39839,3.39839,0
3549,9816,7727,7031,0,1,1,-1.2375,1.76585,2.76585,0
1335,7602,5513,4817,0,1,1,-1.2375,4.69438,5.69438,0
1650,7917,5828,5132,0,1,1,-1.2375,3.79818,4.79818,0
1506,9167,5703,5007,0,1,1,-1.2375,5.08699,6.08699,0
2661,10320,6839,6143,0,1,1,-1.2375,2.87824,3.87824,0
1577,8541,5064,4368,0,1,1,-0.34375,4.41598,5.41598,0
1491,7770,5681,4985,0,1,1,-0.34375,4.21127,5.21127,0
2331,7864,5775,5079,0,1,1,-0.34375,2.37366,3.37366,0
794,7095,5006,4310,0,1,1,-0.34375,7.93577,8.93577,0
5299,14873,13512,11600,0,1,1,-0.34375,1.80676,2.80676,0
3343,10880,8048,7352,0,1,1,-0.34375,2.25456,3.25456,0
5001,13581,13580,14680,0,1,1,-0.34375,1.71566,2.71566,0
1409,9007,6955,6300,0,1,1,-0.34375,5.39248,6.39248,0
1092,6664,4575,3879,0,1,1,-0.34375,5.10256,6.10256,0
381,6648,4559,3863,0,1,1,-0.34375,16.4488,17.4488,0
4198,11919,10329,9633,0,1,1,-0.34375,1.83921,2.83921,0
4454,12147,8852,8156,0,1,1,-0.34375,1.72721,2.72721,0
1593,7782,4997,4301,0,1,1,-0.5625,3.88512,4.88512,0
866,7348,5259,4049,0,1,1,-0.5625,7.48499,8.48499,0
932,7902,5116,4420,0,1,1,-0.5625,7.47854,8.47854,0
1127,8041,5280,4584,0,1,1,-0.5625,6.13487,7.13487,0
1228,9443,10487,9267,0,1,1,-0.5625,6.68974,7.68974,0
839,7115,4330,3634,0,1,1,-0.5625,7.48033,8.48033,0
7032,20843,12412,13820,0,1,1,-0.5625,1.96402,2.96402,0
22646,23076,32081,23272,0,1,1,-0.5625,0.0189879,1.01899,0
2235,8296,5511,4815,0,1,1,-0.5625,2.71186,3.71186,0
2738,7848,5063,4461,0,1,1,-0.5625,1.86633,2.86633,0
11565,19159,23040,21007,0,1,1,-0.5625,0.656636,1.65664,0
8790,16626,13208,12876,0,1,1,-0.5625,0.891468,1.89147,0
901,7145,4360,3664,0,1,1,-0.9375,6.93008,7.93008,0
1285,9044,6328,4614,0,1,1,-0.9375,6.03813,7.03813,0
894,8569,5048,3656,0,1,1,-0.9375,8.58501,9.58501,0
1010,7955,5169,4473,0,1,1,-0.9375,6.87624,7.87624,0
1341,8919,4975,4279,0,1,1,-0.9375,5.65101,6.65101,0
1904,9373,5618,4922,0,1,1,-0.9375,3.92279,4.92279,0
2652,9484,6699,6003,0,1,1,-0.9375,2.57617,3.57617,0
3072,10706,7265,6569,0,1,1,-0.9375,2.48503,3.48503,0
1648,6922,6312,5614,0,0,0,-0.9375,3.20024,4.20024,0
843,7807,4325,3629,0,1,1,-0.9375,8.26097,9.26097,0
1167,8769,6611,3953,0,1,1,-0.9375,6.51414,7.51414,0
1217,8006,6722,4542,0,1,1,-0.9375,5.57847,6.57847,0
2405,8681,5896,5200,0,1,1,-0.90625,2.60956,3.60956,0
732,8388,4910,4214,0,1,1,-0.90625,10.459,11.459,0
1265,8936,5595,4899,0,1,1,-0.90625,6.06403,7.06403,0
1255,8945,5519,4823,0,1,1,-0.90625,6.12749,7.12749,0
1020,7983,5198,4502,0,1,1,-0.90625,6.82647,7.82647,0
1567,7752,5663,4967,0,1,1,-0.90625,3.94703,4.94703,0
1580,7716,5627,4931,0,1,1,-0.90625,3.88354,4.88354,0
1320,7599,5510,4118,0,1,1,-0.90625,4.75682,5.75682,0
1251,8833,5630,4934,0,1,1,-0.90625,6.06075,7.06075,0
1105,7372,5283,4587,0,1,1,-0.90625,5.67149,6.67149,0
1179,7447,5358,3966,0,1,1,-0.90625,5.31637,6.31637,0
759,8406,4937,4241,0,1,1,-0.90625,10.0751,11.0751,0
2988,11250,8316,6924,0,1,1,-0.791667,2.76506,3.76506,0
3420,10996,11528,10914,0,1,1,-0.791667,2.2152,3.2152,0
1601,9189,5966,5270,0,1,1,-0.791667,4.73954,5.73954,0
1387,9671,5703,5007,0,1,1,-0.791667,5.9726,6.9726,0
3975,10863,8077,7381,0,1,1,-0.791667,1.73283,2.73283,0
1535,7799,5710,5014,0,1,1,-0.791667,4.08078,5.08078,0
2538,9502,6717,6021,0,1,1,-0.791667,2.74389,3.74389,0
2132,9781,6320,5624,0,1,1,-0.791667,3.58771,4.58771,0
1729,9336,6017,5321,0,1,1,-0.791667,4.39965,5.39965,0
1061,8020,5235,4539,0,1,1,-0.791667,6.55891,7.55891,0
2064,9012,6226,5530,0,1,1,-0.791667,3.36628,4.36628,0
1006,13222,5885,4493,0,1,1,-0.791667,12.1431,13.1431,0
1360,9675,5598,4902,0,1,1,-0.739583,6.11397,7.11397,0
1051,8557,5771,5075,0,1,1,-0.739583,7.14177,8.14177,0
1863,10228,6084,5388,0,1,1,-0.739583,4.49007,5.49007,0
682,8342,5556,4860,0,1,1,-0.739583,11.2317,12.2317,0
567,8923,5440,4744,0,1,1,-0.739583,14.7372,15.7372,0
1351,8242,5456,4760,0,1,1,-0.739583,5.10067,6.10067,0
418,8835,5330,4634,0,1,1,-0.739583,20.1364,21.1364,0
3127,12242,8343,7647,0,1,1,-0.739583,2.91493,3.91493,0
1367,8361,5575,4879,0,1,1,-0.739583,5.11631,6.11631,0
707,12455,5629,4933,0,1,1,-0.739583,16.6167,17.6167,0
366,8006,5220,4524,0,1,1,-0.739583,20.8743,21.8743,0
1318,8964,6179,4786,0,1,1,-0.739583,5.80121,6.80121,0
717,8377,5591,4895,0,1,1,-0.9,10.6834,11.6834,0
1358,9018,6233,4840,0,1,1,-0.9,5.64065,6.64065,0
615,8972,5567,4871,0,1,1,-0.9,13.5886,14.5886,0
562,8120,5334,4638,0,1,1,-0.9,13.4484,14.4484,0
1704,9320,6535,5142,0,1,1,-0.9,4.46948,5.46948,0
10530,20175,18963,15791,0,1,1,-0.9,0.915954,1.91595,0
