601,1054,1054,997,0,1,0,0.625,0.753744,1.75374,0
1054,1589,1450,1450,0,1,1,0.625,0.50759,1.50759,0
700,1209,1153,1153,0,0,0,0.625,0.727143,1.72714,0
3866,3445,3815,3199,5,1,0,0.625,0.108898,0.891102,0
1768,2292,2774,2582,4,1,0,0.833333,0.29638,1.29638,0
2801,2959,3810,3810,0,0,0,0.833333,0.0564084,1.05641,0
1577,1908,2052,1895,2,1,1,0.833333,0.209892,1.20989,1
3848,5286,4773,5367,1,1,1,0.833333,0.373701,1.3737,1
8329,7325,7095,6869,1,0,0,1.52083,0.120543,0.879457,0
2916,3408,3969,4229,2,0,0,1.52083,0.168724,1.16872,1
2145,2977,3172,2519,5,1,1,1.52083,0.387879,1.38788,1
2414,2837,3439,3510,0,1,1,1.52083,0.175228,1.17523,1
3863,4576,4641,4557,1,0,0,1.625,0.184572,1.18457,1
2848,3395,3184,3339,0,1,1,1.625,0.192065,1.19206,1
8052,8122,7745,7879,2,1,1,1.625,0.00869349,1.00869,1
1233,1857,1744,1643,6,1,0,1.625,0.506083,1.50608,0
711,1260,1188,1199,2,0,0,1.4375,0.772152,1.77215,1
6068,6351,6294,6520,0,0,0,1.4375,0.0466381,1.04664,1
1865,2554,2414,2554,7,1,0,1.4375,0.369437,1.36944,1
1673,2202,2250,2086,7,1,1,1.4375,0.316198,1.3162,1
1132,1801,1660,1661,7,1,0,1.5,0.590989,1.59099,1
1665,2159,2244,2244,6,1,0,1.5,0.296697,1.2967,1
848,1485,1244,1204,0,1,0,1.5,0.751179,1.75118,0
339,961,829,887,0,0,0,1.5,1.83481,2.83481,0
1199,1884,1492,1549,1,0,0,1.29167,0.571309,1.57131,1
440,1107,824,824,0,1,1,1.29167,1.51591,2.51591,0
1527,2281,1998,1998,0,1,1,1.29167,0.493779,1.49378,0
377,999,773,768,5,1,0,1.29167,1.64987,2.64987,0
933,1583,1300,1300,4,0,0,0.895833,0.696677,1.69668,0
2221,2833,2550,2550,0,1,1,0.895833,0.275552,1.27555,0
450,1025,1081,1138,0,1,1,0.895833,1.27778,2.27778,0
274,953,670,670,0,1,1,0.895833,2.4781,3.4781,0
701,1380,1040,1097,0,1,1,0.583333,0.968616,1.96862,0
3492,2623,2396,3304,1,1,1,0.583333,0.248855,0.751145,1
438,1059,776,776,0,1,1,0.583333,1.41781,2.41781,0
3559,4147,5368,4201,2,0,0,1.20833,0.165215,1.16521,0
5799,5673,6904,7360,5,0,0,1.20833,0.0217279,0.978272,0
2929,3382,3042,3495,1,0,0,1.20833,0.15466,1.15466,0
3067,2709,3046,3166,2,0,0,1.20833,0.116726,0.883274,1
4368,4765,4405,4956,1,1,0,1.22917,0.0908883,1.09089,1
4494,3847,4267,4744,1,0,0,1.22917,0.14397,0.85603,1
3237,3667,4374,3616,0,0,0,1.22917,0.132839,1.13284,1
2260,2499,2386,2386,0,1,1,1.22917,0.105752,1.10575,1
684,1268,1080,1080,0,1,0,1.20833,0.853801,1.8538,0
802,1334,1198,1198,0,1,1,1.20833,0.663342,1.66334,0
1635,2144,2031,2031,0,1,0,1.20833,0.311315,1.31131,0
375,884,771,827,0,1,1,1.20833,1.35733,2.35733,0
1164,1877,1739,1617,0,1,0,0.208333,0.612543,1.61254,0
1001,1668,1513,1454,0,1,0,0.208333,0.666334,1.66633,0
1860,2369,2256,2256,0,1,1,0.208333,0.273656,1.27366,0
1250,1759,1646,1646,0,1,1,0.208333,0.4072,1.4072,0
225,780,615,615,2,0,0,0.703125,2.46667,3.46667,0
4512,3889,4455,4153,1,1,0,0.703125,0.138076,0.861924,0
1501,2081,1954,1948,0,0,0,0.703125,0.386409,1.38641,0
2381,2882,2855,2987,7,0,0,0.703125,0.210416,1.21042,0
4291,5103,5599,5645,0,1,1,0.53125,0.189233,1.18923,0
4269,4891,7449,8258,4,1,1,0.53125,0.145702,1.1457,1
2737,3242,3298,3634,0,1,1,0.53125,0.184509,1.18451,1
2088,2465,2465,2465,1,1,1,0.53125,0.180556,1.18056,1
5087,4289,4515,5521,5,0,0,1.21875,0.15687,0.84313,0
5999,6467,8190,7296,6,1,0,1.21875,0.078013,1.07801,1
4647,5043,5352,5001,5,0,0,1.21875,0.0852163,1.08522,1
4308,4704,4760,4793,2,1,1,1.21875,0.091922,1.09192,1
3606,4322,4830,4357,7,1,0,1.23958,0.198558,1.19856,1
496,1021,1164,1010,5,0,0,1.23958,1.05847,2.05847,0
6610,5065,6149,5348,5,1,0,1.23958,0.233737,0.766263,1
942,1257,1257,1257,0,1,1,1.23958,0.334395,1.33439,0
761,1094,1066,1066,1,1,0,0.677083,0.437582,1.43758,0
881,1280,1223,1223,0,1,1,0.677083,0.452894,1.45289,0
820,1208,1151,1208,0,1,1,0.677083,0.473171,1.47317,0
1220,1580,1464,1521,0,1,0,0.677083,0.295082,1.29508,0
701,1115,1058,1058,0,1,1,0.0104167,0.590585,1.59058,0
722,1061,1004,1061,0,1,1,0.0104167,0.469529,1.46953,0
1102,1461,1461,1461,0,1,1,0.0104167,0.325771,1.32577,0
1533,1904,1907,1875,0,1,1,0.0104167,0.242009,1.24201,0
792,1103,1209,1185,0,1,1,0.239583,0.392677,1.39268,0
619,976,1055,983,0,1,1,0.239583,0.576737,1.57674,0
1248,1418,1671,1418,5,1,1,0.239583,0.136218,1.13622,1
1457,1739,1739,1739,2,1,0,0.239583,0.193548,1.19355,1
1098,1617,1786,1508,0,1,1,0.59375,0.472678,1.47268,1
2375,2618,3094,3094,0,0,0,0.59375,0.102316,1.10232,0
1396,1766,1788,1902,0,0,0,0.59375,0.265043,1.26504,0
2077,1891,2234,2338,1,0,0,0.59375,0.0895522,0.910448,0
1980,3509,3547,3921,2,1,1,0.541667,0.772222,1.77222,1
1202,1901,1894,1929,6,0,0,0.541667,0.581531,1.58153,1
3261,3487,3544,4520,0,1,0,0.541667,0.0693039,1.0693,1
3874,3209,3712,3548,0,0,0,0.541667,0.171657,0.828343,1
1242,1638,1612,2211,2,1,1,0.479167,0.318841,1.31884,1
1668,1934,2273,2114,0,1,0,0.479167,0.159472,1.15947,0
3959,4693,5735,5280,0,0,0,0.479167,0.1854,1.1854,1
3470,3712,4000,3923,0,1,0,0.479167,0.0697406,1.06974,0
1304,1697,1700,1700,0,1,0,0.260417,0.30138,1.30138,0
1714,2166,2279,2292,0,0,0,0.260417,0.263711,1.26371,0
2418,2874,3270,3138,0,1,0,0.260417,0.188586,1.18859,0
983,1321,1581,1540,0,1,0,0.260417,0.343845,1.34385,0
1615,1906,1906,1678,6,1,0,-0.075,0.180186,1.18019,0
543,1052,995,995,0,0,0,-0.075,0.937385,1.93738,0
1122,1518,1801,1631,4,1,0,-0.075,0.352941,1.35294,0
2445,2635,2897,2620,0,1,1,-0.075,0.0777096,1.07771,0
3726,3921,4061,4476,2,0,0,0.921875,0.0523349,1.05233,0
877,1285,1184,1172,1,0,0,0.921875,0.465222,1.46522,0
1802,2339,2226,2460,2,1,0,0.921875,0.298002,1.298,0
999,1451,1338,1338,0,0,0,0.921875,0.452452,1.45245,0
913,1548,1459,1459,0,1,0,0.614583,0.695509,1.69551,0
1245,1722,1609,1650,4,1,0,0.614583,0.383133,1.38313,1
7348,1840,2424,2399,5,1,0,0.614583,0.749592,0.250408,1
5366,5536,5536,5762,2,1,1,1.1875,0.031681,1.03168,1
4183,4758,5267,5154,5,1,1,1.1875,0.137461,1.13746,1
4569,4547,5102,5517,2,0,0,1.1875,0.00481506,0.995185,1
4323,3949,4832,3901,1,0,0,1.1875,0.086514,0.913486,1
2303,2158,2836,2297,7,0,0,1.03125,0.0629614,0.937039,1
1432,1732,1885,1824,6,1,0,1.03125,0.209497,1.2095,0
11921,9012,18971,12284,5,1,1,1.03125,0.244023,0.755977,1
503,983,1040,996,0,1,1,0.447917,0.954274,1.95427,0
696,1144,1155,1155,0,1,1,0.447917,0.643678,1.64368,0
917,1424,1426,1426,0,1,1,0.447917,0.55289,1.55289,1
6940,8917,6655,10801,0,1,1,0.572917,0.28487,1.28487,1
12200,12537,12910,12540,2,1,1,0.572917,0.027623,1.02762,1
3152,2131,3435,2941,0,0,0,0.71875,0.323921,0.676079,1
2665,3117,3174,3174,2,0,0,0.71875,0.169606,1.16961,1
1107,1559,1562,1559,6,0,0,0.71875,0.408311,1.40831,1
1079,1531,1531,1588,0,1,0,1.09375,0.418906,1.41891,0
1156,1606,1606,1606,2,1,0,1.09375,0.389273,1.38927,0
1202,1711,1654,1711,0,1,0,1.09375,0.423461,1.42346,0
798,1194,1138,1138,0,1,0,1.09375,0.496241,1.49624,0
4439,2119,1889,2585,5,0,0,0.854167,0.52264,0.47736,0
1149,1602,1602,1827,5,0,0,0.854167,0.394256,1.39426,1
1462,1876,1938,2203,2,0,0,0.854167,0.283174,1.28317,0
1505,1888,1851,1713,0,1,0,0.854167,0.254485,1.25449,0
1555,2028,1895,2064,1,1,0,1.19792,0.30418,1.30418,1
1563,1903,1790,1790,0,0,0,1.19792,0.21753,1.21753,0
565,1414,848,848,0,1,0,1.19792,1.50265,2.50265,0
1124,1952,1407,1407,0,0,0,0.75,0.736655,1.73665,1
1424,1764,1877,1877,0,1,0,0.75,0.238764,1.23876,0
1606,2261,1889,2382,7,0,0,0.75,0.407846,1.40785,0
1234,1859,1652,1875,7,0,0,0.75,0.506483,1.50648,0
1274,1797,1567,2258,0,1,0,0.125,0.410518,1.41052,0
1144,1501,1463,1437,0,1,0,0.125,0.312063,1.31206,0
878,1470,1320,1326,0,1,0,0.125,0.67426,1.67426,0
1073,1632,1462,1462,0,1,0,0.125,0.520969,1.52097,0
550,1174,948,948,0,1,0,0.05,1.13455,2.13455,0
1485,2037,2019,1868,0,1,0,0.05,0.371717,1.37172,0
662,1219,1050,1050,0,1,0,0.05,0.84139,1.84139,0
1390,1868,1828,1828,0,1,0,0.05,0.343885,1.34388,0
5419,4106,4286,4462,2,1,0,0.953125,0.242296,0.757704,1
941,1394,1343,1281,2,0,0,0.953125,0.481403,1.4814,1
1949,2288,2515,2119,6,1,0,0.916667,0.173935,1.17394,1
2488,3126,2771,2771,0,0,0,1.20833,0.256431,1.25643,1
1654,2234,1994,1807,0,0,0,1.26042,0.350665,1.35067,1
7460,7287,7977,7759,2,0,0,1.5625,0.0231903,0.97681,1
1420,2466,1647,1647,5,0,0,1.0625,0.73662,1.73662,1
1166,1508,1395,1395,0,1,0,0.927083,0.29331,1.29331,0
1072,1647,1591,1591,0,1,0,0.927083,0.536381,1.53638,0
2376,2716,2603,2603,0,1,0,0.927083,0.143098,1.1431,0
1241,1703,1800,1590,0,1,0,0.927083,0.37228,1.37228,0
976,1562,1366,1310,0,1,0,0.322917,0.60041,1.60041,0
843,1296,1299,1239,0,0,0,0.322917,0.537367,1.53737,0
1600,1859,1802,1802,0,1,0,0.322917,0.161875,1.16187,0
1384,1921,1864,1808,0,1,0,0.322917,0.388006,1.38801,0
2422,2762,2888,2648,5,0,0,0.3125,0.14038,1.14038,0
1582,2012,1808,1791,0,1,0,0.3125,0.271808,1.27181,0
699,1151,1151,1115,0,0,0,0.3125,0.646638,1.64664,0
2643,2881,3050,3050,0,0,0,0.3125,0.0900492,1.09005,0
1015,1622,1622,1565,0,1,0,0.21875,0.59803,1.59803,0
1805,2171,2058,2111,0,0,0,0.21875,0.20277,1.20277,0
1513,1690,1739,1739,0,0,0,0.21875,0.116986,1.11699,0
1633,2033,1977,1920,0,1,0,0.21875,0.244948,1.24495,0
2171,2472,2907,2585,2,0,0,0.09375,0.138646,1.13865,0
980,1545,1489,1432,0,1,0,0.09375,0.576531,1.57653,0
1792,2298,2061,2241,6,1,0,0.09375,0.282366,1.28237,0
2231,2741,2476,2476,0,1,0,0.09375,0.228597,1.2286,0
1286,2093,1456,1456,7,1,0,0.075,0.627527,1.62753,0
1127,1375,1241,1194,0,1,0,0.075,0.220053,1.22005,0
1031,1370,1201,1201,6,1,0,0.075,0.328807,1.32881,0
2148,3318,2357,2317,0,1,0,0.075,0.544693,1.54469,0
1907,1450,1842,1846,6,1,0,1.17188,0.239643,0.760357,1
1533,1642,1604,1635,2,0,0,1.17188,0.0711024,1.0711,1
272,822,724,707,7,0,0,1.17188,2.02206,3.02206,1
511,1310,1147,1051,7,1,0,1.17188,1.5636,2.5636,1
2792,2765,3075,3358,6,0,0,1.10417,0.00967049,0.99033,1
2347,2494,2927,2830,1,0,0,1.10417,0.0626331,1.06263,1
756,1265,1265,1208,1,1,0,1.10417,0.67328,1.67328,0
1169,1575,1518,1518,1,0,0,1.08333,0.347305,1.34731,1
650,1159,1159,1102,4,0,0,1.08333,0.783077,1.78308,1
1107,1639,1616,1616,1,1,1,1.08333,0.480578,1.48058,1
1876,2212,2441,2385,0,0,0,1.0625,0.179104,1.1791,1
1027,1638,1592,1592,0,1,1,1.0625,0.594937,1.59494,1
1111,1647,1724,1776,0,0,0,1.0625,0.482448,1.48245,0
1747,2283,2283,2283,0,0,0,1.44792,0.306812,1.30681,1
7918,9952,8820,8201,1,1,0,1.44792,0.256883,1.25688,1
2690,2487,3404,3397,0,1,0,1.44792,0.0754647,0.924535,0
2061,2729,3630,3233,0,0,0,0.979167,0.324115,1.32411,1
2053,2637,3090,3049,2,0,0,0.979167,0.284462,1.28446,1
829,1225,1281,1112,0,0,0,0.979167,0.477684,1.47768,0
780,1301,1244,1188,0,1,0,0.239583,0.667949,1.66795,0
1256,1851,1738,1738,0,1,0,0.239583,0.473726,1.47373,0
1462,1936,1936,2018,0,1,0,0.239583,0.324213,1.32421,0
1059,1455,1568,1455,0,1,0,0.239583,0.373938,1.37394,0
790,1284,1227,1171,0,1,0,-0.125,0.625316,1.62532,0
2150,2715,2602,2602,0,1,0,-0.125,0.262791,1.26279,0
1350,1693,1580,1580,0,1,1,-0.125,0.254074,1.25407,0
741,1367,1340,1319,0,1,0,-0.125,0.844804,1.8448,0
1211,1918,1750,1693,0,1,1,-0.0625,0.583815,1.58382,0
1282,1678,1691,1481,0,0,0,-0.0625,0.308892,1.30889,0
1624,1961,2052,1996,0,1,1,-0.0625,0.207512,1.20751,0
1321,2178,1548,1548,0,1,0,-0.0625,0.648751,1.64875,0
2872,3228,3372,3416,0,1,0,-0.229167,0.123955,1.12396,0
1416,1902,1789,1789,0,1,0,-0.229167,0.34322,1.34322,0
1285,1719,1606,1633,0,1,0,-0.229167,0.337743,1.33774,1
926,1454,1473,1284,0,1,0,-0.229167,0.570194,1.57019,1
1290,1838,1554,1554,0,1,0,0.0520833,0.424806,1.42481,0
1272,2267,1955,1899,0,0,0,0.0520833,0.782233,1.78223,0
626,1119,949,949,0,1,0,0.0520833,0.78754,1.78754,0
1841,2010,2010,2180,0,1,0,0.0520833,0.0917979,1.0918,1
4093,5069,5106,4903,0,0,0,0.375,0.238456,1.23846,0
2331,2727,2613,2613,0,1,0,0.375,0.169884,1.16988,0
2484,2937,2824,2824,0,0,0,0.375,0.182367,1.18237,1
2329,3216,2895,2442,6,1,0,0.375,0.38085,1.38085,1
1387,1840,2293,1585,1,1,0,1.10938,0.326604,1.3266,1
2219,2770,3196,2728,0,0,0,1.10938,0.24831,1.24831,0
494,1116,1003,1003,0,1,0,1.10938,1.25911,2.25911,0
265,976,1033,920,0,1,0,1.10938,2.68302,3.68302,0
1938,2521,2577,2521,0,0,0,1.02083,0.300826,1.30083,0
975,1524,1518,1452,0,0,0,1.02083,0.563077,1.56308,0
1770,2449,3397,2831,0,1,1,1.02083,0.383616,1.38362,1
1003,1751,2253,2253,0,1,0,1.02083,0.745763,1.74576,0
644,1359,1302,1230,0,1,1,0.84375,1.11025,2.11025,0
732,1527,1516,1471,0,1,1,0.84375,1.08607,2.08607,1
270,1006,950,857,0,0,0,0.84375,2.72593,3.72593,0
937,1452,1333,1333,0,1,0,0.84375,0.549626,1.54963,0
2574,3253,3229,3229,0,1,1,0.885417,0.263792,1.26379,0
1266,1806,1700,1700,0,1,0,0.885417,0.42654,1.42654,0
1278,1733,1687,1654,0,1,0,0.885417,0.356025,1.35603,0
3356,3794,4438,4313,0,1,0,0.885417,0.130513,1.13051,0
7639,4139,5103,5225,7,1,0,0.979167,0.458175,0.541825,1
3268,2169,2867,2671,7,1,0,0.979167,0.336291,0.663709,1
2377,3201,3286,3368,1,0,0,0.979167,0.346655,1.34666,1
1557,2333,1953,1984,2,0,0,1.30208,0.498394,1.49839,1
1263,1889,1626,1659,0,1,0,1.30208,0.495645,1.49565,0
6651,6086,8882,5752,0,1,0,0.697917,0.0849496,0.91505,1
2218,2614,2501,2501,6,1,0,0.697917,0.178539,1.17854,1
1302,2014,1844,1844,0,1,0,0.489583,0.546851,1.54685,1
1270,1723,1553,1949,1,1,0,0.489583,0.356693,1.35669,1
9149,8799,10819,8996,0,1,0,0.489583,0.0382555,0.961744,1
10167,9441,10749,9564,1,0,0,0.489583,0.0714075,0.928593,1
6591,2537,2592,2876,1,0,0,0.3125,0.615081,0.384919,1
1298,1694,1411,1411,0,1,0,0.3125,0.305085,1.30508,0
5652,1904,3221,2590,6,0,0,0.3125,0.663128,0.336872,1
1583,2457,2595,1762,0,1,0,0.364583,0.552116,1.55212,0
1190,1672,1364,1364,0,1,0,0.364583,0.405042,1.40504,0
1652,1891,1831,1828,0,1,0,0.364583,0.144673,1.14467,0
1001,1697,1453,1453,0,0,0,0.364583,0.695305,1.6953,0
992,1646,1520,1517,0,1,0,0.302083,0.659274,1.65927,0
1236,1896,1786,1688,0,0,0,0.302083,0.533981,1.53398,0
1005,1703,1514,1458,0,1,0,0.302083,0.694527,1.69453,0
1060,1569,1400,1729,6,1,0,0.302083,0.480189,1.48019,0
3452,3629,4134,4216,0,1,0,0.59375,0.0512746,1.05127,0
2615,3050,2785,2954,5,0,0,0.59375,0.166348,1.16635,0
1740,2023,1740,1889,0,0,0,0.59375,0.162644,1.16264,0
1961,2524,2442,2442,0,1,0,0.59375,0.287098,1.2871,0
1382,2060,2005,2098,1,0,0,0.3,0.490593,1.49059,0
2786,3239,3047,3087,0,1,0,0.3,0.162599,1.1626,0
1188,1946,1640,1826,0,1,0,0.3,0.638047,1.63805,0
1666,2827,1893,1893,0,1,0,0.3,0.696879,1.69688,0
599,1303,1077,1077,0,0,0,0.84375,1.17529,2.17529,0
1726,2299,2129,2129,7,1,0,0.84375,0.331981,1.33198,0
644,1335,1165,1165,0,1,0,0.84375,1.07298,2.07298,0
441,1120,894,894,0,1,1,0.84375,1.53968,2.53968,0
1564,2229,2003,2206,0,0,0,0.604167,0.425192,1.42519,0
2319,2828,3001,2661,2,1,0,0.604167,0.219491,1.21949,0
1323,1832,1606,1606,0,1,0,0.604167,0.384732,1.38473,0
1493,1896,1953,1953,7,1,0,0.604167,0.269926,1.26993,1
880,1382,1345,1369,0,1,0,0.208333,0.570455,1.57045,0
806,1369,1143,1143,0,1,0,0.208333,0.698511,1.69851,0
769,1172,1003,1003,2,1,0,0.208333,0.524057,1.52406,0
1342,1794,1512,1661,0,1,0,0.208333,0.336811,1.33681,0
764,1347,1170,1170,0,1,1,0.177083,0.763089,1.76309,0
1728,2402,2335,2289,0,1,1,0.177083,0.390046,1.39005,0
2417,2749,3311,2729,0,0,0,0.177083,0.13736,1.13736,0
2202,2541,2428,2485,2,0,0,0.447917,0.153951,1.15395,1
3001,3160,3227,3227,0,0,0,1.125,0.0529823,1.05298,0
1024,1420,1328,1307,0,1,0,1.125,0.386719,1.38672,0
700,957,870,957,0,0,0,1.125,0.367143,1.36714,0
695,1148,978,978,0,1,0,1.125,0.651799,1.6518,0
1039,1606,1322,1498,0,1,0,0.875,0.545717,1.54572,0
4628,6879,6763,7397,0,1,0,0.875,0.486387,1.48639,1
683,1135,1022,966,0,0,0,0.875,0.661786,1.66179,0
1292,1610,1787,1790,0,1,0,0.875,0.24613,1.24613,1
9100,5775,5175,6364,1,0,0,1.09375,0.365385,0.634615,1
1881,2225,2146,2245,0,1,0,0.5625,0.182881,1.18288,1
2433,2942,2880,2716,0,1,0,0.5625,0.209207,1.20921,0
3271,3534,3540,3554,7,0,0,0.5625,0.0804035,1.0804,0
1982,2491,2265,2265,0,1,0,0.5625,0.256811,1.25681,0
1186,1723,1469,1469,0,1,0,0.0625,0.452782,1.45278,0
1487,2115,1958,1889,0,0,0,0.0625,0.422327,1.42233,0
1333,1857,1853,1616,0,1,0,0.0625,0.393098,1.3931,0
1003,1982,1343,1286,0,1,0,0.0625,0.976072,1.97607,0
2228,2510,2346,2395,0,1,0,0.0208333,0.126571,1.12657,0
2385,2724,3121,2668,0,1,0,0.0208333,0.142138,1.14214,0
1623,2619,1906,1906,0,1,0,0.0208333,0.613678,1.61368,0
1695,1953,1809,1879,0,1,0,0.0208333,0.152212,1.15221,0
1456,1842,1852,1796,0,0,0,0.05,0.26511,1.26511,0
1143,1604,1481,1491,0,1,0,0.05,0.403325,1.40332,0
1964,3002,2361,3058,0,0,0,0.05,0.528513,1.52851,0
2849,3642,3462,3536,0,1,0,0.05,0.278343,1.27834,0
775,1411,1298,1298,0,1,0,0,0.820645,1.82065,0
735,1186,1073,1073,0,1,0,0,0.613605,1.61361,0
1247,1728,1565,1565,0,1,0,-0.0208333,0.385726,1.38573,0
1628,1927,1798,1769,0,0,0,-0.0208333,0.183661,1.18366,0
3000,3692,3282,3425,0,0,0,0.145833,0.230667,1.23067,0
1383,1883,1779,1779,0,1,0,0.145833,0.361533,1.36153,0
3109,3482,3396,4964,0,1,1,0.302083,0.119974,1.11997,1
3202,3565,3824,3428,0,1,0,0.635417,0.113367,1.11337,0
2083,2479,2828,2366,0,1,0,0.635417,0.19011,1.19011,0
13268,10482,13672,12487,0,1,0,0.635417,0.209979,0.790021,1
4720,4556,4931,4612,7,0,0,0.84375,0.0347458,0.965254,1
1660,2002,2014,2754,0,1,0,0.447917,0.206024,1.20602,0
2289,2717,2968,2459,0,1,0,0.0625,0.186981,1.18698,0
2016,2461,2129,2129,0,1,0,0.0625,0.220734,1.22073,0
1602,2167,1885,1885,2,1,0,-0.0625,0.352684,1.35268,0
1467,1936,2106,1930,0,1,0,-0.0625,0.3197,1.3197,0
1297,2089,1806,1806,0,1,1,0.125,0.61064,1.61064,0
1307,1986,1816,1759,4,1,0,0.125,0.51951,1.51951,0
632,2915,3157,2381,0,1,0,-0.1875,3.61234,4.61234,0
1189,3169,2769,2769,0,1,1,-0.1875,1.66526,2.66526,0
1158,3054,3848,3074,0,1,1,-0.1875,1.63731,2.63731,0
3488,4470,5898,4772,0,0,0,-0.1875,0.281537,1.28154,0
2273,4364,4664,3737,0,1,1,0.4375,0.91993,1.91993,0
3091,5820,4588,4588,0,1,1,0.4375,0.882886,1.88289,0
1057,3617,3988,3992,0,0,0,0.4375,2.42195,3.42195,0
11874,7632,7214,8874,2,1,1,0.4375,0.357251,0.642749,1
7405,8738,8822,8613,5,1,0,0.625,0.180014,1.18001,0
2769,5099,5476,4918,0,0,0,0.625,0.841459,1.84146,0
2406,4294,5008,4192,0,1,1,0.625,0.784705,1.7847,0
2418,4117,5234,4896,6,1,1,0.625,0.702647,1.70265,1
3893,5951,5813,6426,0,1,1,1.0625,0.528641,1.52864,0
2292,4278,4845,4830,0,1,1,1.0625,0.866492,1.86649,0
7880,9813,10714,11067,0,1,1,1.0625,0.245305,1.2453,1
1295,3159,2948,2948,0,1,1,1.0625,1.43938,2.43938,0
884,2554,2554,2404,2,0,0,1.02083,1.88914,2.88914,0
7602,7490,8350,7773,4,0,0,1.02083,0.014733,0.985267,0
1918,3560,4092,4963,0,1,1,1.02083,0.8561,1.8561,1
1300,3691,3475,3266,0,1,1,1.02083,1.83923,2.83923,1
1073,3164,2955,2955,5,1,0,0.958333,1.94874,2.94874,0
2186,3981,3981,3981,4,1,1,0.958333,0.821134,1.82113,1
1147,2815,3074,2865,0,1,1,0.958333,1.45423,2.45423,0
569,2459,2481,2481,0,1,1,0.958333,3.32162,4.32162,0
969,2930,3455,3765,4,0,0,0.770833,2.02374,3.02374,0
822,2689,2501,2501,0,1,1,0.770833,2.27129,3.27129,0
1719,3509,3922,3639,0,1,1,0.770833,1.0413,2.0413,0
543,2593,2491,2491,0,1,1,0.770833,3.77532,4.77532,0
1225,3095,2896,2896,0,1,1,-0.270833,1.52653,2.52653,0
2629,4983,4740,5145,0,1,1,-0.270833,0.895397,1.8954,0
540,2208,2208,2208,0,1,1,-0.270833,3.08889,4.08889,0
538,2628,2448,2448,0,1,1,-0.270833,3.88476,4.88476,0
933,3004,2827,2827,0,1,1,0.208333,2.21972,3.21972,0
5032,8898,5098,7047,0,1,1,0.208333,0.768283,1.76828,1
648,2488,2805,2804,0,1,1,0.208333,2.83951,3.83951,0
992,2874,2665,2665,0,0,0,0.208333,1.89718,2.89718,0
4282,5062,5328,5813,4,0,0,0.791667,0.182158,1.18216,1
2869,4923,5446,5873,4,0,0,0.791667,0.715929,1.71593,0
6501,4925,7974,6651,1,0,0,0.791667,0.242424,0.757576,0
3270,4943,5361,4887,4,0,0,0.791667,0.511621,1.51162,1
1301,3392,2974,2974,2,1,0,1.16667,1.60723,2.60723,0
3878,5999,5760,5760,0,1,1,1.16667,0.546931,1.54693,0
1080,3895,3477,3477,0,1,1,1.16667,2.60648,3.60648,1
1617,4313,3708,3708,0,1,1,1.16667,1.66729,2.66729,0
612,2912,2703,2703,0,1,1,0.166667,3.75817,4.75817,0
767,3067,2858,2649,0,1,1,0.166667,2.9987,3.9987,0
1440,3740,3531,3531,0,1,1,0.166667,1.59722,2.59722,0
267,2776,2358,2358,0,1,1,0.166667,9.397,10.397,0
953,3490,3114,3114,0,1,1,-0.395833,2.66212,3.66212,0
1322,3884,3462,3253,0,1,1,-0.395833,1.93797,2.93797,0
1757,3859,4418,4215,0,1,1,-0.395833,1.19636,2.19636,0
1492,3536,4129,3373,0,1,1,-0.395833,1.36997,2.36997,0
395,2695,2277,2277,0,1,1,-0.34375,5.82278,6.82278,0
2828,5716,4919,4919,0,1,1,-0.34375,1.02122,2.02122,0
1492,3692,3274,3274,0,1,1,-0.34375,1.47453,2.47453,0
2331,4702,4284,4284,0,1,1,-0.34375,1.01716,2.01716,0
7121,7251,6624,7222,0,1,1,0.0104167,0.0182559,1.01826,0
5023,5581,5372,6208,5,1,0,0.0104167,0.111089,1.11109,0
2876,5691,5873,5968,2,1,1,0.0104167,0.97879,1.97879,1
1798,4675,4554,4672,5,0,0,0.0104167,1.60011,2.60011,0
6658,8376,8122,7735,0,0,0,0.416667,0.258035,1.25804,0
8467,9566,8815,11754,2,1,0,0.416667,0.129798,1.1298,1
6285,8291,8573,7873,4,0,0,0.416667,0.319173,1.31917,0
4350,5729,6504,7516,2,1,0,0.416667,0.317011,1.31701,1
3498,6673,6556,5946,0,1,1,0.6875,0.907662,1.90766,0
728,3208,2581,2581,0,1,1,0.6875,3.40659,4.40659,0
8730,7499,10262,8754,2,1,1,0.6875,0.141008,0.858992,1
1161,2905,2836,2836,0,1,1,0.6875,1.50215,2.50215,0
843,2704,2564,2928,0,1,1,0.302083,2.20759,3.20759,0
793,3071,2668,2668,0,1,1,0.302083,2.87264,3.87264,0
999,2864,2845,2636,0,1,1,0.302083,1.86687,2.86687,0
1133,3240,2613,2613,0,1,1,0.302083,1.85966,2.85966,0
762,2634,2692,2483,0,1,1,-0.510417,2.45669,3.45669,0
938,3223,2596,2596,0,1,1,-0.510417,2.43603,3.43603,0
804,3066,2657,2657,0,1,1,-0.510417,2.81343,3.81343,0
1463,3318,3235,3026,0,1,1,-0.510417,1.26794,2.26794,0
850,3164,2926,2569,0,1,1,-0.145833,2.72235,3.72235,0
824,2675,2502,2502,0,1,1,-0.145833,2.24636,3.24636,0
2501,4547,5217,5935,0,0,0,-0.145833,0.818073,1.81807,0
1355,3748,3472,3036,0,0,0,-0.145833,1.76605,2.76605,0
1240,3749,3386,2907,0,1,1,-0.114583,2.02339,3.02339,0
2233,4300,4566,4405,0,1,1,-0.114583,0.925661,1.92566,0
1509,3544,3529,3804,0,1,1,-0.114583,1.34858,2.34858,0
1601,3384,2757,3119,0,1,1,-0.114583,1.11368,2.11368,0
1794,3563,5866,3967,0,1,1,0.25,0.986065,1.98606,0
2878,4696,8664,3367,7,1,1,0.25,0.631689,1.63169,1
3207,6211,4671,4671,0,1,0,0.25,0.936701,1.9367,0
20127,19241,20866,22084,7,1,0,0.25,0.0440205,0.95598,1
4455,6261,5500,5859,0,0,0,0.739583,0.405387,1.40539,1
1356,2611,2611,2402,7,1,1,0.739583,0.925516,1.92552,1
1264,3146,3146,2937,7,0,0,0.739583,1.48892,2.48892,1
1159,3041,3041,2904,1,0,0,0.395833,1.62381,2.62381,1
1478,3459,3459,3250,0,1,1,0.395833,1.34032,2.34032,0
553,2435,2435,2226,0,1,0,0.395833,3.40325,4.40325,0
3137,5228,5019,5019,0,1,1,0.395833,0.66656,1.66656,0
973,3266,3475,3262,0,1,1,-0.28125,2.35663,3.35663,0
2060,4385,4023,3814,0,1,1,-0.28125,1.12864,2.12864,0
2345,4355,4227,4018,0,1,1,-0.28125,0.857143,1.85714,0
1121,3416,3003,2794,0,1,1,-0.28125,2.04728,3.04728,0
1743,4281,5034,5033,0,1,1,-0.3375,1.45611,2.45611,0
413,2675,2593,2384,0,1,1,-0.3375,5.477,6.477,0
1301,3392,3183,2974,0,1,1,-0.3375,1.60723,2.60723,0
2132,4373,5184,4010,0,1,1,-0.3375,1.05113,2.05113,0
2958,5163,5041,5849,0,1,1,0.28125,0.745436,1.74544,1
1215,3130,3130,2921,0,1,1,0.28125,1.57613,2.57613,0
2899,4332,4332,4122,0,1,0,0.28125,0.494308,1.49431,0
1055,2870,3552,3305,0,1,1,0.28125,1.72038,2.72038,0
977,3049,3467,3300,0,1,1,0.1875,2.12078,3.12078,0
1160,3226,3874,3093,0,1,1,0.1875,1.78103,2.78103,0
994,3173,3085,2876,5,1,0,0.1875,2.19215,3.19215,0
12887,13633,14678,14678,0,1,1,0.1875,0.0578878,1.05789,1
6362,8588,8580,8580,2,1,1,0.822917,0.34989,1.34989,1
7451,6357,7114,7500,2,1,1,0.822917,0.146826,0.853174,1
4555,4747,5794,6228,1,1,1,0.822917,0.0421515,1.04215,1
27031,10037,13834,12846,1,0,0,0.822917,0.628686,0.371314,1
1924,3349,3813,3458,1,1,0,0.666667,0.740644,1.74064,1
1616,3328,3311,3311,0,1,1,0.666667,1.05941,2.05941,0
3800,4460,4755,4497,4,1,0,0.666667,0.173684,1.17368,1
3381,3944,4780,4780,0,1,1,0.666667,0.166519,1.16652,0
648,2525,2320,2111,0,1,1,0.125,2.8966,3.8966,0
783,2668,2494,2285,0,1,1,0.125,2.40741,3.40741,0
1064,2946,2737,2737,0,0,0,0.125,1.7688,2.7688,0
7595,8640,8431,8431,0,1,1,0.125,0.137591,1.13759,1
3009,10018,4809,13791,0,1,1,0.0833333,2.32935,3.32935,0
2211,3884,3675,3675,6,1,1,0.0833333,0.756671,1.75667,1
555,2228,2019,3101,6,1,1,0.0833333,3.01441,4.01441,1
2351,5541,5674,6273,0,0,0,0.0833333,1.35687,2.35687,1
1318,2573,3409,2782,1,1,0,0.197917,0.9522,1.9522,1
3403,5132,4867,4867,0,1,1,0.197917,0.508081,1.50808,0
641,2739,2314,2322,2,1,1,0.197917,3.27301,4.27301,1
1233,3115,2906,2697,0,1,1,0.197917,1.52636,2.52636,0
1232,3166,2905,2696,0,1,1,-0.0520833,1.56981,2.56981,0
1220,2991,3305,3160,0,1,1,-0.0520833,1.45164,2.45164,0
1297,3388,2970,2970,0,1,1,-0.0520833,1.61218,2.61218,0
1088,2850,3038,3038,0,1,1,-0.0520833,1.61949,2.61949,0
20676,20007,13638,17288,0,1,0,0.322917,0.0323564,0.967644,1
1633,3521,5004,4403,1,1,1,0.322917,1.15615,2.15615,1
1560,3287,3078,3078,7,1,0,0.322917,1.10705,2.10705,0
1481,2999,2999,2790,0,1,0,0.322917,1.02498,2.02498,0
2506,3976,3597,3388,5,0,0,0.895833,0.586592,1.58659,1
1990,4085,3663,3454,0,1,0,0.895833,1.05276,2.05276,0
1555,3822,3535,3535,0,1,1,0.895833,1.45788,2.45788,0
640,3059,3209,3000,0,1,0,0.895833,3.77969,4.77969,0
956,3220,4058,3324,0,1,0,0.604167,2.3682,3.3682,0
2035,3926,3608,3717,7,1,0,0.604167,0.929238,1.92924,0
2130,3784,3366,3394,0,1,0,0.604167,0.776526,1.77653,0
1151,3094,3074,3847,0,1,0,0.604167,1.6881,2.6881,0
1101,3325,2907,2907,0,1,1,-0.15625,2.01998,3.01998,0
800,3095,2894,2677,0,1,1,-0.15625,2.86875,3.86875,0
1409,2728,4783,4679,0,1,0,-0.15625,0.936125,1.93612,0
828,3450,2713,2713,0,1,1,-0.15625,3.16667,4.16667,0
673,2713,2414,2205,0,1,1,-0.275,3.0312,4.0312,0
1676,3886,3330,3121,0,1,1,-0.275,1.31862,2.31862,0
728,3207,2858,2661,0,1,1,-0.275,3.40522,4.40522,0
2063,3316,2898,2689,0,1,0,-0.275,0.607368,1.60737,0
1707,3739,4321,2831,7,1,0,0.421875,1.19039,2.19039,0
3414,5653,5951,4669,6,1,0,0.421875,0.655829,1.65583,1
382,2055,1846,1637,0,0,0,0.421875,4.37958,5.37958,0
1801,3474,4199,2847,0,0,0,0.421875,0.928928,1.92893,1
9469,15405,16420,19057,0,1,1,0.46875,0.626888,1.62689,1
3160,4355,5383,5247,4,0,0,0.46875,0.378165,1.37816,0
2038,4282,3711,3502,0,1,1,0.46875,1.10108,2.10108,1
1607,3280,4330,3071,2,0,0,0.96875,1.04107,2.04107,1
781,3611,2984,2775,0,1,0,0.96875,3.62356,4.62356,0
5575,7290,6640,6411,0,0,0,1.0625,0.307623,1.30762,1
830,3338,2712,2503,0,1,1,1.0625,3.02169,4.02169,0
894,3194,2776,2567,0,1,0,1.0625,2.57271,3.57271,0
3146,5220,4610,5964,0,1,0,1.0625,0.65925,1.65925,0
6827,8759,8092,8142,0,1,0,0.854167,0.282994,1.28299,0
1402,3702,3284,3075,0,1,1,0.854167,1.64051,2.64051,1
999,3270,2881,2881,7,1,0,0.854167,2.27327,3.27327,0
23255,24235,19105,24502,5,1,1,0.989583,0.0421415,1.04214,1
2297,4264,3976,3357,1,0,0,0.989583,0.856334,1.85633,1
4403,9403,7316,5448,7,0,0,0.989583,1.13559,2.13559,1
31891,26549,29023,25519,4,0,0,0.989583,0.167508,0.832492,1
6548,7175,8320,9651,1,0,0,0.8125,0.0957544,1.09575,1
2187,4377,4069,4069,0,1,1,0.8125,1.00137,2.00137,0
1689,2317,2735,2735,5,0,0,0.8125,0.371818,1.37182,1
1176,3336,3728,3754,0,1,0,0.8125,1.83673,2.83673,0
932,3023,3023,3023,0,1,1,0.239583,2.24356,3.24356,0
1255,3137,3346,3137,0,1,0,0.239583,1.4996,2.4996,0
2232,4145,4114,4572,0,1,0,0.239583,0.857079,1.85708,0
1215,3235,3235,3026,0,1,0,0.239583,1.66255,2.66255,0
795,2611,2900,2900,0,1,0,-0.0625,2.28428,3.28428,0
1068,2939,2790,2581,0,1,0,-0.0625,1.75187,2.75187,0
1515,2924,3188,3188,0,1,0,-0.0625,0.930033,1.93003,0
1748,3630,3421,3421,0,1,1,-0.0625,1.07666,2.07666,0
2459,4462,4760,4551,0,0,0,-0.0104167,0.814559,1.81456,0
1612,3630,3687,3847,0,1,1,-0.0104167,1.25186,2.25186,0
847,2914,3344,3182,0,1,0,-0.0104167,2.44038,3.44038,0
2760,4146,4355,4355,0,1,1,-0.0104167,0.502174,1.50217,0
1264,2807,2618,2618,0,1,0,-0.239583,1.22073,2.22073,0
1452,3128,3128,2919,0,1,0,-0.239583,1.15427,2.15427,0
1864,3598,3183,3617,0,1,0,-0.239583,0.930258,1.93026,0
1942,3757,3976,3220,0,1,0,-0.239583,0.934604,1.9346,0
1795,3096,2887,2887,0,1,0,-0.395833,0.724791,1.72479,0
1253,3241,3179,2970,0,1,0,-0.395833,1.58659,2.58659,0
2642,3805,4799,3745,0,1,0,-0.395833,0.440197,1.4402,0
3014,4049,4295,4295,0,1,0,-0.395833,0.343397,1.3434,0
987,3433,3974,3289,0,1,1,-0.4625,2.47822,3.47822,0
665,2239,2332,2332,0,1,0,-0.4625,2.36692,3.36692,0
763,3592,3148,2939,0,1,0,-0.4625,3.70773,4.70773,0
2166,3654,3445,3236,0,1,1,-0.4625,0.686981,1.68698,0
1836,3586,4545,5301,0,1,0,1.01562,0.953159,1.95316,0
2123,5766,4599,5711,0,0,0,1.01562,1.71597,2.71597,0
431,2313,2104,2104,0,1,1,1.01562,4.36659,5.36659,0
329,2410,2002,2002,2,1,1,1.01562,6.32523,7.32523,1
1308,2981,2981,2981,0,1,1,0.78125,1.27905,2.27905,0
1593,3475,3266,3266,0,1,0,0.78125,1.18142,2.18142,0
2683,4010,4739,4581,0,1,0,0.78125,0.494596,1.4946,0
932,2943,2605,2976,0,1,0,0.78125,2.15773,3.15773,0
1191,2844,2979,2770,5,0,0,0.53125,1.38791,2.38791,1
603,2429,2485,2276,0,1,1,0.53125,3.02819,4.02819,0
1726,3098,3320,3309,0,1,1,0.53125,0.794902,1.7949,0
754,2635,2430,2430,1,0,0,0.677083,2.49469,3.49469,1
2357,4288,3971,3762,0,1,0,0.677083,0.819262,1.81926,0
1422,3293,3163,3163,0,1,1,0.677083,1.31575,2.31575,0
1355,3368,3286,3011,0,1,1,0.677083,1.48561,2.48561,0
2004,3886,3677,3468,0,1,0,0.916667,0.939122,1.93912,0
2771,4908,4381,4489,0,1,0,0.916667,0.771202,1.7712,0
4211,10061,9134,10479,6,1,0,0.916667,1.38922,2.38922,1
3018,4975,8100,7682,1,1,0,1.04167,0.648443,1.64844,1
9759,10255,13824,12627,4,1,1,1.04167,0.0508249,1.05082,1
9012,10284,10669,13269,1,0,0,1.04167,0.141145,1.14115,1
2618,2948,3157,2763,4,1,1,1.04167,0.12605,1.12605,1
2578,4021,6762,5391,0,1,0,0.739583,0.559736,1.55974,0
1839,3688,3993,4132,2,0,0,0.739583,1.00544,2.00544,1
1495,2408,2617,2408,0,1,0,0.739583,0.610702,1.6107,0
604,2662,2486,2277,0,1,1,-0.208333,3.40728,4.40728,0
1461,3343,3343,3134,0,1,1,-0.208333,1.28816,2.28816,0
1639,3312,3521,3312,0,1,1,-0.208333,1.02074,2.02074,0
1427,3146,3146,2937,0,1,1,-0.208333,1.20463,2.20463,0
1296,3161,3502,3293,0,1,1,-0.395833,1.43904,2.43904,0
2445,4463,4496,4287,0,1,0,-0.395833,0.825358,1.82536,0
1612,3259,4035,3826,0,1,0,-0.395833,1.02171,2.02171,0
686,2425,2634,2425,0,1,1,-0.395833,2.53499,3.53499,0
2544,4094,4303,4049,0,1,0,-0.53125,0.609277,1.60928,0
1719,3099,3854,3645,0,1,0,-0.53125,0.802792,1.80279,0
1729,3786,3593,3384,0,1,0,-0.53125,1.18971,2.18971,0
959,2816,2816,2607,0,1,1,-0.53125,1.93639,2.93639,0
3131,4604,4604,5370,0,1,0,-0.354167,0.470457,1.47046,0
2224,3753,3770,3563,0,1,0,-0.354167,0.6875,1.6875,0
1121,3458,3052,2843,0,1,0,-0.354167,2.08475,3.08475,0
1443,3526,3486,3277,0,1,0,-0.354167,1.44352,2.44352,0
2224,3280,3341,3132,0,1,0,-0.395833,0.47482,1.47482,0
2109,2964,5135,4801,0,1,0,-0.395833,0.405405,1.40541,0
1816,3069,3069,2860,0,1,0,-0.395833,0.689978,1.68998,0
2519,3855,3646,3437,0,1,0,-0.395833,0.530369,1.53037,0
3731,6479,5724,5515,0,1,0,-0.1375,0.736532,1.73653,0
1772,4520,5686,4222,0,1,0,-0.1375,1.55079,2.55079,0
2860,5227,7841,7407,0,1,0,-0.1375,0.827622,1.82762,0
4106,5706,5571,5362,0,1,0,-0.1375,0.389674,1.38967,0
1468,3158,3191,2920,0,1,1,0.21875,1.15123,2.15123,0
2334,4216,4333,4007,0,1,1,0.21875,0.806341,1.80634,0
711,2774,2652,2383,0,1,1,0.21875,2.90155,3.90155,0
377,2479,2291,2082,0,1,1,0.21875,5.5756,6.5756,0
2054,3761,3955,3741,0,1,1,0.125,0.831061,1.83106,0
1786,3496,3374,3193,0,1,1,0.125,0.957447,1.95745,0
2314,4384,4384,4175,0,1,1,0.125,0.894555,1.89455,0
1518,3487,3278,3069,0,1,0,0.125,1.2971,2.2971,0
865,2491,2548,2339,0,1,1,0.0416667,1.87977,2.87977,0
792,2689,2510,2301,0,1,1,0.0416667,2.3952,3.3952,0
537,2093,2929,2720,0,1,1,0.0416667,2.89758,3.89758,0
830,2718,2910,2725,0,1,1,0.0416667,2.2747,3.2747,0
2364,4000,4209,4000,0,1,1,0.104167,0.692047,1.69205,0
1503,3007,3216,3007,0,1,1,0.104167,1.00067,2.00067,0
1215,2966,2966,2757,0,1,1,0.104167,1.44115,2.44115,0
3856,5302,6364,6155,0,1,1,0.104167,0.375,1.375,0
20572,10606,16902,15736,7,1,0,0.71875,0.484445,0.515555,0
8558,12546,13568,13206,5,1,0,0.71875,0.465997,1.466,1
2991,4476,6358,5313,7,1,0,0.71875,0.496489,1.49649,0
1406,3481,3272,3063,0,1,0,0.71875,1.47582,2.47582,1
2270,3009,4972,4884,4,0,0,0.958333,0.325551,1.32555,0
2187,3771,4189,3562,0,1,0,0.958333,0.72428,1.72428,0
1114,2806,2996,2578,0,0,0,0.958333,1.51885,2.51885,0
939,2568,3110,2362,2,1,0,0.4375,1.73482,2.73482,0
3072,4954,4745,4313,0,1,0,0.4375,0.61263,1.61263,0
1032,2705,2914,2496,0,1,1,0.4375,1.62112,2.62112,0
551,2433,2224,2015,0,1,1,0.4375,3.41561,4.41561,0
1554,3436,3227,2809,0,1,1,0.479167,1.21107,2.21107,0
17208,16469,15477,18730,0,1,1,0.479167,0.0429451,0.957055,1
13667,16742,12758,14504,0,1,1,0.479167,0.224995,1.22499,1
13556,14953,17486,14641,1,1,1,0.479167,0.103054,1.10305,1
8809,8242,10414,10520,5,1,1,0.239583,0.064366,0.935634,1
1216,3375,3136,2927,0,1,0,0.239583,1.77549,2.77549,0
2477,4263,4054,4860,2,1,0,0.239583,0.721034,1.72103,1
2828,4752,4284,3981,6,1,0,0.239583,0.680339,1.68034,1
1467,3263,3996,4399,0,1,0,-0.291667,1.22427,2.22427,0
1027,3420,2793,2793,0,1,0,-0.291667,2.33009,3.33009,0
1424,3387,3006,2797,0,1,1,-0.291667,1.37851,2.37851,0
1531,3334,2916,2707,0,1,0,-0.291667,1.17766,2.17766,0
822,2559,3428,3153,0,1,0,-0.583333,2.11314,3.11314,0
1272,4058,2826,2617,0,1,0,-0.583333,2.19025,3.19025,0
2607,4108,3572,3363,0,1,0,-0.583333,0.575758,1.57576,0
1297,3307,2873,2664,0,1,0,-0.583333,1.54973,2.54973,0
2887,5529,4507,4298,0,1,1,-0.5625,0.915137,1.91514,0
2791,4660,4242,4033,0,1,0,-0.5625,0.669652,1.66965,0
1664,3743,3289,3080,0,1,1,-0.5625,1.2494,2.2494,0
1847,3690,3236,3236,0,1,1,-0.5625,0.997834,1.99783,0
1195,3103,2938,3698,0,1,1,-0.425,1.59665,2.59665,0
2685,4848,4373,4164,0,1,0,-0.425,0.805587,1.80559,0
1397,3007,2589,2380,0,1,0,-0.425,1.15247,2.15247,0
1220,3014,2596,2387,0,1,0,-0.425,1.47049,2.47049,0
653,2572,2155,1946,0,1,1,-0.390625,2.93874,3.93874,0
1916,4007,3380,3380,0,1,1,-0.390625,1.09134,2.09134,0
850,2744,2314,2105,0,1,1,-0.390625,2.22824,3.22824,0
916,2847,2380,2657,0,1,1,-0.390625,2.10808,3.10808,0
1420,3256,2838,2629,0,1,1,-0.302083,1.29296,2.29296,0
2182,4355,4701,3728,0,1,1,-0.302083,0.995875,1.99588,0
1918,4554,4271,4062,0,1,1,-0.302083,1.37435,2.37435,0
1351,3621,2994,2909,0,1,1,-0.302083,1.68024,2.68024,0
590,2645,2029,1820,0,1,1,-0.708333,3.48305,4.48305,0
1041,2908,3031,2281,0,1,1,-0.708333,1.79347,2.79347,0
573,2563,2189,1980,0,1,1,-0.708333,3.47295,4.47295,0
1114,3438,3355,2654,0,1,0,-0.708333,2.08618,3.08618,0
828,2851,2224,2015,0,1,1,-0.270833,2.44324,3.44324,0
3466,5171,4930,4721,0,0,0,-0.270833,0.491922,1.49192,0
1767,3638,3429,3220,0,1,0,-0.270833,1.05886,2.05886,0
6811,7990,13194,8652,0,1,0,-0.270833,0.173102,1.1731,1
1861,3382,3689,3432,0,1,1,-0.0729167,0.817303,1.8173,0
1005,2678,2260,2051,0,1,0,-0.0729167,1.66468,2.66468,0
7817,10283,12081,8627,0,1,1,-0.0729167,0.315466,1.31547,1
1258,2980,2722,2513,0,1,0,-0.0729167,1.36884,2.36884,0
3047,4809,4678,4272,0,1,0,0,0.578274,1.57827,0
878,2748,2330,2330,0,1,0,0,2.12984,3.12984,0
1417,2649,2876,2858,0,1,0,0,0.869442,1.86944,0
585,2859,2685,2476,0,1,0,0,3.88718,4.88718,0
794,2676,2258,2049,0,1,1,0.114583,2.37028,3.37028,0
4456,5733,5315,5315,0,1,1,0.114583,0.28658,1.28658,0
638,2601,2392,2183,0,1,1,0.114583,3.0768,4.0768,0
3579,4691,4691,4482,0,0,0,0.854167,0.310701,1.3107,1
6997,7523,10725,7624,0,0,0,0.854167,0.0751751,1.07518,1
3641,4687,4896,5523,5,0,0,0.833333,0.287284,1.28728,1
2158,4068,3441,3441,6,1,0,0.833333,0.885079,1.88508,1
7305,12381,11640,11902,2,0,0,0.833333,0.694867,1.69487,1
8855,11803,11525,9659,2,0,0,0.833333,0.332919,1.33292,1
2836,3646,4482,3855,0,1,0,0.322917,0.285614,1.28561,0
2218,3931,4394,6334,0,1,1,0.322917,0.772317,1.77232,0
3370,5247,4620,4620,0,0,0,0.322917,0.556973,1.55697,0
1555,4066,3648,3648,0,1,1,0.322917,1.61479,2.61479,0
938,3125,2751,3514,0,1,1,-0.572917,2.33156,3.33156,0
1329,3299,3090,3090,0,1,1,-0.572917,1.48232,2.48232,0
1104,3420,3211,3211,0,1,1,-0.572917,2.09783,3.09783,0
1088,3108,2690,2690,0,1,1,-0.572917,1.85662,2.85662,0
1615,3735,3317,3317,0,1,1,-0.572917,1.31269,2.31269,0
2150,4048,3839,3839,0,1,1,-0.572917,0.882791,1.88279,0
1371,3463,3715,3715,0,1,1,-0.572917,1.52589,2.52589,0
1851,3768,3559,3559,0,1,1,-0.572917,1.03566,2.03566,0
1810,3651,3574,3574,0,1,1,-0.375,1.01713,2.01713,0
1627,3364,3155,2946,0,1,0,-0.375,1.06761,2.06761,0
2192,4648,4501,4801,0,1,1,-0.375,1.12044,2.12044,0
2701,4858,4556,4556,0,1,0,-0.375,0.798593,1.79859,0
644,2547,2949,3017,0,1,1,-0.40625,2.95497,3.95497,0
391,2753,2892,2546,0,1,1,-0.40625,6.04092,7.04092,0
982,3228,3376,3320,0,1,1,-0.364583,2.28717,3.28717,0
1482,3405,3286,3286,0,1,1,-0.364583,1.29757,2.29757,0
2690,5206,5450,5390,0,1,1,-0.364583,0.935316,1.93532,0
949,3308,3618,2890,0,1,1,-0.364583,2.48577,3.48577,0
11291,11262,12888,11950,2,0,0,-0.229167,0.00256842,0.997432,1
775,2448,2239,2420,1,0,0,-0.229167,2.15871,3.15871,1
1652,3743,3534,3325,1,1,1,-0.229167,1.26574,2.26574,1
1680,3308,4673,3759,0,1,1,-0.0208333,0.969048,1.96905,0
2565,4652,5906,6379,0,1,0,-0.0208333,0.813645,1.81365,0
2376,4306,5759,5843,0,1,0,0.25,0.81229,1.81229,0
1506,3388,3179,3179,0,1,0,0.25,1.24967,2.24967,0
1628,3501,2665,2665,0,1,0,0.125,1.15049,2.15049,0
1763,4136,3747,3246,0,1,0,0.125,1.346,2.346,0
2171,5324,4297,4297,0,1,1,-0.354167,1.45233,2.45233,0
2105,4185,3767,3558,0,1,1,-0.354167,0.988124,1.98812,0
1771,3990,3572,3363,0,1,1,-0.364583,1.25296,2.25296,0
1552,3879,3252,3252,0,1,1,-0.364583,1.49936,2.49936,0
1364,4069,3468,3259,0,1,1,-0.2375,1.98314,2.98314,0
1788,3815,3397,3397,0,1,1,-0.2375,1.13367,2.13367,0
